    [38;2;0;4;0m▄[0m[48;2;0;4;0m[38;2;66;64;66m▄[0m[48;2;0;4;0m[38;2;66;64;66m▄[0m[38;2;0;4;0m▄[0m                                 
 [38;2;0;4;0m▄[0m[38;2;0;4;0m▄[0m  [38;2;0;4;0m▀[0m[38;2;0;4;0m▀[0m[48;2;66;64;66m[38;2;0;4;0m▄[0m[48;2;0;4;0m[38;2;0;4;0m▄[0m   [38;2;0;4;0m▄[0m[38;2;0;4;0m▄[0m                           
[38;2;0;4;0m▀[0m[48;2;66;64;66m[38;2;0;4;0m▄[0m[48;2;66;64;66m[38;2;0;4;0m▄[0m[48;2;0;4;0m[38;2;66;64;66m▄[0m[38;2;0;4;0m▄[0m   [38;2;0;4;0m▀[0m[48;2;0;4;0m[38;2;0;4;0m▄[0m [48;2;0;4;0m[38;2;0;4;0m▄[0m[48;2;82;93;107m[38;2;222;223;222m▄[0m[48;2;54;63;71m[38;2;79;90;106m▄[0m[48;2;0;4;0m[38;2;0;4;0m▄[0m                          
   [38;2;0;4;0m▀[0m[38;2;0;4;0m▀[0m[48;2;0;4;0m[38;2;0;4;0m▄[0m    [48;2;0;4;0m[38;2;0;4;0m▄[0m[48;2;0;4;0m[38;2;0;4;0m▄[0m[48;2;222;223;222m[38;2;222;223;222m▄[0m[48;2;222;223;222m[38;2;222;223;222m▄[0m[48;2;78;89;107m[38;2;74;83;87m▄[0m[48;2;0;4;0m[38;2;0;12;16m▄[0m               [38;2;0;4;0m▄[0m[38;2;0;4;0m▄[0m[38;2;0;4;0m▄[0m[48;2;0;4;0m[38;2;79;90;104m▄[0m[48;2;0;4;0m[38;2;79;90;104m▄[0m[48;2;0;4;0m[38;2;79;90;104m▄[0m[48;2;0;4;0m[38;2;79;90;104m▄[0m[38;2;0;4;0m▄[0m[38;2;0;4;0m▄[0m 
      [38;2;0;4;0m▀[0m[38;2;0;4;0m▄[0m   [48;2;0;4;0m[38;2;0;4;0m▄[0m[48;2;222;223;222m[38;2;140;146;148m▄[0m[48;2;79;90;106m[38;2;79;88;104m▄[0m[48;2;222;227;231m[38;2;222;223;222m▄[0m[48;2;74;83;87m[38;2;79;90;106m▄[0m[48;2;0;4;0m[38;2;0;4;0m▄[0m          [38;2;0;4;0m▄[0m[38;2;0;4;16m▄[0m[48;2;0;4;0m[38;2;85;87;95m▄[0m[48;2;0;4;0m[38;2;82;89;107m▄[0m[48;2;78;89;107m[38;2;82;89;107m▄[0m[48;2;78;89;107m[38;2;255;255;255m▄[0m[48;2;78;89;107m[38;2;255;255;255m▄[0m[48;2;79;90;104m[38;2;255;255;255m▄[0m[48;2;79;90;104m[38;2;255;255;255m▄[0m[48;2;79;90;104m[38;2;255;255;255m▄[0m[48;2;79;90;104m[38;2;82;89;107m▄[0m[48;2;78;89;107m[38;2;79;90;104m▄[0m[48;2;78;89;107m[38;2;79;90;104m▄[0m[48;2;0;4;0m[38;2;0;4;0m▄[0m
        [48;2;0;4;0m[38;2;0;4;0m▄[0m  [38;2;0;4;0m▀[0m[48;2;79;88;104m[38;2;0;8;8m▄[0m[48;2;79;88;104m[38;2;74;81;79m▄[0m[48;2;222;223;222m[38;2;128;137;145m▄[0m[48;2;222;223;222m[38;2;222;227;222m▄[0m[48;2;0;4;0m[38;2;78;89;107m▄[0m[38;2;0;4;0m▄[0m       [38;2;0;4;0m▄[0m[48;2;0;4;0m[38;2;82;89;107m▄[0m[48;2;78;89;107m[38;2;255;255;255m▄[0m[48;2;85;87;95m[38;2;255;255;255m▄[0m[48;2;255;255;255m[38;2;255;255;255m▄[0m[48;2;255;255;255m[38;2;255;255;255m▄[0m[48;2;255;255;255m[38;2;255;255;255m▄[0m[48;2;255;255;255m[38;2;255;255;255m▄[0m[48;2;255;255;255m[38;2;255;255;255m▄[0m[48;2;255;255;255m[38;2;82;89;107m▄[0m[48;2;82;89;107m[38;2;255;255;255m▄[0m[48;2;82;89;107m[38;2;255;255;255m▄[0m[48;2;255;255;255m[38;2;255;255;255m▄[0m[48;2;79;90;104m[38;2;78;89;107m▄[0m[48;2;79;90;104m[38;2;78;89;107m▄[0m[48;2;0;4;0m[38;2;0;4;0m▄[0m
         [48;2;0;4;0m[38;2;0;4;0m▄[0m[38;2;0;4;0m▄[0m[38;2;0;4;0m▄[0m[48;2;0;8;8m[38;2;66;65;66m▄[0m[48;2;222;227;222m[38;2;66;65;66m▄[0m[48;2;82;93;107m[38;2;66;60;74m▄[0m[48;2;222;227;222m[38;2;222;215;239m▄[0m[48;2;78;89;107m[38;2;222;223;214m▄[0m[48;2;0;4;0m[38;2;0;0;0m▄[0m      [48;2;0;4;0m[38;2;0;4;0m▄[0m[48;2;78;89;107m[38;2;255;255;255m▄[0m[48;2;255;255;255m[38;2;255;255;255m▄[0m[48;2;255;255;255m[38;2;255;255;255m▄[0m[48;2;255;255;255m[38;2;255;255;255m▄[0m[48;2;255;255;255m[38;2;255;255;255m▄[0m[48;2;255;255;255m[38;2;255;255;255m▄[0m[48;2;255;255;255m[38;2;82;89;107m▄[0m[48;2;82;89;107m[38;2;255;255;255m▄[0m[48;2;82;89;107m[38;2;255;255;255m▄[0m[48;2;255;255;255m[38;2;255;255;255m▄[0m[48;2;255;255;255m[38;2;82;89;107m▄[0m[48;2;255;255;255m[38;2;79;90;104m▄[0m[48;2;82;89;107m[38;2;79;90;104m▄[0m[48;2;78;89;107m[38;2;78;89;107m▄[0m[48;2;0;4;0m[38;2;0;4;0m▄[0m 
      [38;2;16;0;8m▄[0m[48;2;0;4;0m[38;2;170;118;134m▄[0m[48;2;0;4;0m[38;2;140;121;189m▄[0m[48;2;140;121;189m[38;2;162;143;227m▄[0m[48;2;66;62;90m[38;2;159;144;225m▄[0m[48;2;132;121;181m[38;2;159;144;225m▄[0m[48;2;66;65;66m[38;2;66;65;74m▄[0m[48;2;137;121;186m[38;2;132;119;184m▄[0m[48;2;144;137;156m[38;2;137;121;189m▄[0m[48;2;66;60;74m[38;2;137;121;189m▄[0m[48;2;74;74;71m[38;2;140;121;189m▄[0m[48;2;0;0;0m[38;2;0;4;0m▄[0m    [38;2;0;4;0m▄[0m[48;2;0;4;0m[38;2;255;255;255m▄[0m[48;2;255;255;255m[38;2;255;255;255m▄[0m[48;2;255;255;255m[38;2;255;255;255m▄[0m[48;2;255;255;255m[38;2;82;89;107m▄[0m[48;2;255;255;255m[38;2;82;89;107m▄[0m[48;2;139;144;151m[38;2;82;89;107m▄[0m[48;2;82;89;99m[38;2;82;89;107m▄[0m[48;2;82;89;107m[38;2;79;90;104m▄[0m[48;2;255;255;255m[38;2;79;90;104m▄[0m[48;2;255;255;255m[38;2;82;89;107m▄[0m[48;2;82;89;107m[38;2;255;255;255m▄[0m[48;2;82;89;107m[38;2;255;255;255m▄[0m[48;2;255;255;255m[38;2;255;255;255m▄[0m[48;2;79;90;104m[38;2;78;89;107m▄[0m[48;2;79;90;104m[38;2;0;4;0m▄[0m[38;2;0;4;0m▀[0m  
    [38;2;0;4;0m▄[0m[48;2;0;4;0m[38;2;255;182;165m▄[0m[48;2;247;178;198m[38;2;222;174;189m▄[0m[48;2;93;59;71m[38;2;123;40;57m▄[0m[48;2;162;143;227m[38;2;134;121;189m▄[0m[48;2;162;143;227m[38;2;156;146;222m▄[0m[48;2;159;144;225m[38;2;162;143;227m▄[0m[48;2;159;144;225m[38;2;162;143;227m▄[0m[48;2;165;146;239m[38;2;189;129;145m▄[0m[48;2;132;119;184m[38;2;123;40;57m▄[0m[48;2;137;121;189m[38;2;140;36;49m▄[0m[48;2;137;121;189m[38;2;140;36;49m▄[0m[48;2;140;121;189m[38;2;137;121;186m▄[0m[48;2;140;121;189m[38;2;137;121;186m▄[0m[48;2;0;4;0m[38;2;140;121;189m▄[0m[38;2;0;4;0m▄[0m [38;2;0;4;0m▄[0m[48;2;0;4;0m[38;2;255;255;255m▄[0m[48;2;255;255;255m[38;2;82;89;107m▄[0m[48;2;82;89;107m[38;2;255;255;255m▄[0m[48;2;82;89;107m[38;2;255;255;255m▄[0m[48;2;255;255;255m[38;2;255;255;255m▄[0m[48;2;255;255;255m[38;2;255;255;255m▄[0m[48;2;255;255;255m[38;2;255;255;255m▄[0m[48;2;139;144;156m[38;2;255;255;255m▄[0m[48;2;79;90;104m[38;2;82;89;107m▄[0m[48;2;79;90;104m[38;2;255;255;255m▄[0m[48;2;255;255;255m[38;2;255;255;255m▄[0m[48;2;255;255;255m[38;2;255;255;255m▄[0m[48;2;255;255;255m[38;2;78;89;107m▄[0m[48;2;82;89;107m[38;2;78;89;107m▄[0m[48;2;78;89;107m[38;2;0;4;0m▄[0m[38;2;0;4;0m▀[0m   
   [38;2;0;4;0m▄[0m[48;2;0;4;0m[38;2;222;85;82m▄[0m[48;2;255;182;165m[38;2;222;85;82m▄[0m[48;2;123;40;57m[38;2;132;40;57m▄[0m[48;2;189;129;145m[38;2;137;121;189m▄[0m[48;2;134;121;189m[38;2;137;121;189m▄[0m[48;2;134;121;189m[38;2;137;121;189m▄[0m[48;2;140;121;189m[38;2;137;121;189m▄[0m[48;2;140;121;189m[38;2;132;40;57m▄[0m[48;2;123;40;57m[38;2;255;182;164m▄[0m[48;2;222;174;189m[38;2;255;182;164m▄[0m[48;2;255;174;156m[38;2;255;182;164m▄[0m[48;2;197;105;102m[38;2;255;182;164m▄[0m[48;2;66;65;66m[38;2;222;85;82m▄[0m[48;2;137;121;186m[38;2;66;65;66m▄[0m[48;2;140;121;189m[38;2;136;121;189m▄[0m[48;2;0;4;0m[38;2;136;121;189m▄[0m[38;2;0;0;0m▄[0m[48;2;0;4;0m[38;2;85;83;85m▄[0m[48;2;82;89;107m[38;2;255;255;255m▄[0m[48;2;255;255;255m[38;2;255;255;255m▄[0m[48;2;255;255;255m[38;2;255;255;255m▄[0m[48;2;255;255;255m[38;2;255;255;255m▄[0m[48;2;255;255;255m[38;2;255;255;255m▄[0m[48;2;255;255;255m[38;2;82;89;107m▄[0m[48;2;255;255;255m[38;2;82;89;107m▄[0m[48;2;82;89;107m[38;2;255;255;255m▄[0m[48;2;255;255;255m[38;2;255;255;255m▄[0m[48;2;255;255;255m[38;2;82;89;107m▄[0m[48;2;255;255;255m[38;2;82;89;107m▄[0m[48;2;255;255;255m[38;2;82;89;107m▄[0m[48;2;78;89;107m[38;2;78;89;107m▄[0m[48;2;0;4;0m[38;2;0;4;0m▄[0m     
   [38;2;0;4;0m▀[0m[48;2;222;85;82m[38;2;0;8;0m▄[0m[48;2;131;42;53m[38;2;123;56;66m▄[0m[48;2;137;121;189m[38;2;66;65;74m▄[0m[48;2;137;121;189m[38;2;66;65;74m▄[0m[48;2;137;121;189m[38;2;137;121;186m▄[0m[48;2;137;121;189m[38;2;137;121;186m▄[0m[48;2;137;121;189m[38;2;137;121;186m▄[0m[48;2;132;40;57m[38;2;66;65;66m▄[0m[48;2;255;182;164m[38;2;222;84;87m▄[0m[48;2;255;182;164m[38;2;255;182;165m▄[0m[48;2;255;182;164m[38;2;255;182;165m▄[0m[48;2;255;182;164m[38;2;222;84;87m▄[0m[48;2;222;85;82m[38;2;222;85;82m▄[0m[48;2;66;65;66m[38;2;66;65;66m▄[0m[48;2;136;121;189m[38;2;104;105;142m▄[0m[48;2;107;105;140m[38;2;104;105;142m▄[0m[48;2;85;83;85m[38;2;66;65;66m▄[0m[48;2;255;251;255m[38;2;255;255;255m▄[0m[48;2;255;255;255m[38;2;255;255;255m▄[0m[48;2;255;255;255m[38;2;255;255;255m▄[0m[48;2;255;255;255m[38;2;82;89;107m▄[0m[48;2;82;89;107m[38;2;82;89;107m▄[0m[48;2;82;89;107m[38;2;82;89;107m▄[0m[48;2;82;89;107m[38;2;255;255;255m▄[0m[48;2;82;89;107m[38;2;255;255;255m▄[0m[48;2;82;89;107m[38;2;255;255;255m▄[0m[48;2;82;89;107m[38;2;255;255;255m▄[0m[48;2;255;255;255m[38;2;255;255;255m▄[0m[48;2;255;255;255m[38;2;255;255;255m▄[0m[48;2;82;89;107m[38;2;82;89;107m▄[0m[48;2;0;4;0m[38;2;0;4;0m▄[0m      
    [38;2;0;8;0m▀[0m[48;2;82;40;44m[38;2;0;4;0m▄[0m[48;2;82;132;152m[38;2;107;199;222m▄[0m[48;2;99;199;231m[38;2;107;199;222m▄[0m[48;2;66;65;66m[38;2;107;199;222m▄[0m[48;2;66;65;66m[38;2;73;123;167m▄[0m[48;2;137;121;186m[38;2;66;65;66m▄[0m[48;2;66;65;66m[38;2;104;105;142m▄[0m[48;2;222;84;87m[38;2;66;73;82m▄[0m[48;2;222;84;87m[38;2;214;93;99m▄[0m[48;2;222;84;87m[38;2;222;85;82m▄[0m[48;2;222;84;87m[38;2;222;85;82m▄[0m[48;2;222;85;82m[38;2;66;65;66m▄[0m[48;2;66;65;66m[38;2;104;105;142m▄[0m[48;2;104;105;142m[38;2;115;114;123m▄[0m[48;2;66;65;66m[38;2;66;60;74m▄[0m[48;2;255;255;255m[38;2;255;255;255m▄[0m[48;2;255;255;255m[38;2;82;89;107m▄[0m[48;2;82;89;107m[38;2;255;255;255m▄[0m[48;2;82;89;107m[38;2;255;255;255m▄[0m[48;2;255;255;255m[38;2;255;255;255m▄[0m[48;2;255;255;255m[38;2;255;255;255m▄[0m[48;2;255;255;255m[38;2;255;255;255m▄[0m[48;2;255;255;255m[38;2;255;255;255m▄[0m[48;2;255;255;255m[38;2;255;255;255m▄[0m[48;2;255;255;255m[38;2;255;255;255m▄[0m[48;2;255;255;255m[38;2;255;255;255m▄[0m[48;2;255;255;255m[38;2;255;255;255m▄[0m[48;2;82;89;107m[38;2;78;89;107m▄[0m[48;2;82;89;107m[38;2;78;89;107m▄[0m[48;2;0;4;0m[38;2;0;4;0m▄[0m      
    [38;2;0;4;0m▀[0m[48;2;222;223;222m[38;2;0;4;0m▄[0m[48;2;73;123;167m[38;2;0;4;0m▄[0m[48;2;107;199;222m[38;2;0;4;0m▄[0m[48;2;73;123;167m[38;2;222;219;214m▄[0m[48;2;73;123;167m[38;2;74;73;71m▄[0m[48;2;66;65;66m[38;2;104;105;142m▄[0m[48;2;104;105;142m[38;2;104;105;142m▄[0m[48;2;115;79;87m[38;2;104;105;140m▄[0m[48;2;66;73;82m[38;2;104;105;140m▄[0m[48;2;66;65;66m[38;2;104;105;142m▄[0m[48;2;66;65;66m[38;2;104;105;142m▄[0m[48;2;104;105;142m[38;2;104;105;142m▄[0m[48;2;104;105;142m[38;2;66;65;66m▄[0m[48;2;66;60;74m[38;2;110;102;142m▄[0m[48;2;214;223;222m[38;2;66;65;66m▄[0m[48;2;82;89;107m[38;2;74;81;90m▄[0m[48;2;255;255;255m[38;2;74;81;90m▄[0m[48;2;255;255;255m[38;2;90;97;107m▄[0m[48;2;82;89;107m[38;2;255;255;255m▄[0m[48;2;82;89;107m[38;2;222;225;218m▄[0m[48;2;82;89;107m[38;2;255;255;255m▄[0m[48;2;82;89;107m[38;2;222;225;218m▄[0m[48;2;82;89;107m[38;2;255;255;255m▄[0m[48;2;82;89;107m[38;2;255;255;255m▄[0m[48;2;255;255;255m[38;2;82;89;107m▄[0m[48;2;255;255;255m[38;2;82;89;107m▄[0m[48;2;82;89;107m[38;2;82;89;107m▄[0m[48;2;78;89;107m[38;2;78;89;107m▄[0m[48;2;0;4;0m[38;2;0;4;0m▄[0m       
        [48;2;0;0;0m[38;2;0;4;0m▄[0m[48;2;74;73;71m[38;2;74;121;165m▄[0m[48;2;66;65;66m[38;2;66;65;66m▄[0m[48;2;66;65;66m[38;2;82;105;137m▄[0m[48;2;104;105;140m[38;2;104;105;142m▄[0m[48;2;104;105;140m[38;2;66;65;66m▄[0m[48;2;66;65;66m[38;2;107;199;222m▄[0m[48;2;66;65;66m[38;2;107;199;222m▄[0m[48;2;104;105;142m[38;2;74;60;66m▄[0m[48;2;104;105;142m[38;2;106;144;176m▄[0m[48;2;132;121;181m[38;2;104;105;139m▄[0m[48;2;110;102;142m[38;2;134;121;189m▄[0m[48;2;74;81;90m[38;2;104;105;142m▄[0m[48;2;222;223;222m[38;2;66;65;66m▄[0m[48;2;200;202;205m[38;2;66;65;66m▄[0m[48;2;200;202;205m[38;2;239;239;239m▄[0m[48;2;255;255;255m[38;2;231;235;231m▄[0m[48;2;222;225;218m[38;2;231;235;231m▄[0m[48;2;255;255;255m[38;2;222;225;218m▄[0m[48;2;222;225;218m[38;2;255;255;255m▄[0m[48;2;255;255;255m[38;2;255;255;255m▄[0m[48;2;255;255;255m[38;2;255;255;255m▄[0m[48;2;255;255;255m[38;2;78;89;107m▄[0m[48;2;82;89;107m[38;2;78;89;107m▄[0m[48;2;0;4;0m[38;2;0;4;0m▄[0m        
         [38;2;0;4;0m▀[0m[48;2;90;125;173m[38;2;0;4;0m▄[0m[48;2;66;65;66m[38;2;0;4;0m▄[0m[48;2;104;105;142m[38;2;107;105;140m▄[0m[48;2;104;105;142m[38;2;57;56;70m▄[0m[48;2;66;65;66m[38;2;107;199;222m▄[0m[48;2;107;199;222m[38;2;107;199;222m▄[0m[48;2;123;186;231m[38;2;115;190;222m▄[0m[48;2;74;60;66m[38;2;66;60;66m▄[0m[48;2;134;121;189m[38;2;104;105;140m▄[0m[48;2;104;105;139m[38;2;104;105;140m▄[0m[48;2;104;105;142m[38;2;112;110;137m▄[0m[48;2;66;65;66m[38;2;60;59;68m▄[0m[48;2;239;239;239m[38;2;222;223;222m▄[0m[48;2;66;65;66m[38;2;222;223;222m▄[0m[48;2;66;65;66m[38;2;222;223;222m▄[0m[48;2;231;235;231m[38;2;66;65;66m▄[0m[48;2;255;255;255m[38;2;66;65;66m▄[0m[48;2;222;225;218m[38;2;66;65;66m▄[0m[48;2;66;65;66m[38;2;78;89;107m▄[0m[48;2;66;65;66m[38;2;0;4;0m▄[0m[38;2;0;4;0m▀[0m[38;2;0;4;0m▀[0m         
            [38;2;8;8;0m▀[0m[48;2;107;105;140m[38;2;0;4;0m▄[0m[48;2;66;65;66m[38;2;53;64;78m▄[0m[48;2;107;199;222m[38;2;53;64;78m▄[0m[48;2;66;60;66m[38;2;104;105;142m▄[0m[48;2;90;125;144m[38;2;104;105;142m▄[0m[48;2;104;105;140m[38;2;82;105;137m▄[0m[48;2;104;105;140m[38;2;66;65;66m▄[0m[48;2;60;59;68m[38;2;0;4;0m▄[0m[38;2;8;8;0m▀[0m[48;2;79;90;106m[38;2;0;4;0m▄[0m[48;2;222;223;222m[38;2;78;89;107m▄[0m[48;2;222;223;222m[38;2;222;227;222m▄[0m[48;2;222;223;222m[38;2;222;227;222m▄[0m[48;2;222;223;222m[38;2;222;223;222m▄[0m[48;2;222;223;222m[38;2;79;90;106m▄[0m[48;2;78;89;107m[38;2;78;89;107m▄[0m[48;2;0;4;0m[38;2;0;4;0m▄[0m           
              [48;2;16;4;0m[38;2;0;4;0m▄[0m[48;2;90;125;156m[38;2;74;121;165m▄[0m[48;2;66;65;66m[38;2;74;121;165m▄[0m[48;2;66;65;66m[38;2;66;65;66m▄[0m[48;2;66;65;66m[38;2;43;63;82m▄[0m[48;2;90;125;173m[38;2;79;122;164m▄[0m[48;2;74;121;165m[38;2;71;130;156m▄[0m[48;2;0;4;0m[38;2;0;0;8m▄[0m [38;2;0;4;0m▀[0m[38;2;0;12;16m▀[0m[48;2;74;83;84m[38;2;0;4;0m▄[0m[48;2;79;90;106m[38;2;0;4;0m▄[0m[48;2;79;90;106m[38;2;0;4;0m▄[0m[38;2;0;4;0m▀[0m            
              [48;2;0;4;0m[38;2;0;4;0m▄[0m[48;2;74;121;165m[38;2;66;64;66m▄[0m[48;2;74;121;165m[38;2;107;199;222m▄[0m[48;2;66;65;66m[38;2;0;4;0m▄[0m[38;2;8;4;0m▀[0m[48;2;79;122;164m[38;2;0;4;0m▄[0m[48;2;71;130;156m[38;2;107;199;222m▄[0m[48;2;107;195;231m[38;2;107;199;222m▄[0m[48;2;0;4;0m[38;2;0;4;0m▄[0m                  
               [38;2;0;4;0m▀[0m[38;2;0;4;0m▀[0m  [38;2;0;4;0m▀[0m[48;2;73;123;167m[38;2;0;4;0m▄[0m[48;2;107;199;222m[38;2;0;4;0m▄[0m[38;2;0;4;0m▀[0m                  