                  [38;2;0;0;0m▄[0m[48;2;0;0;0m[38;2;57;82;115m▄[0m[48;2;0;0;0m[38;2;57;82;115m▄[0m[38;2;0;0;0m▄[0m      [38;2;0;0;0m▄[0m[38;2;0;0;0m▄[0m        
                 [48;2;0;0;0m[38;2;0;0;0m▄[0m[48;2;57;82;115m[38;2;57;82;115m▄[0m[48;2;57;82;115m[38;2;57;82;115m▄[0m[48;2;57;82;115m[38;2;65;115;148m▄[0m[48;2;57;82;115m[38;2;65;115;148m▄[0m[48;2;0;0;0m[38;2;65;115;148m▄[0m[48;2;0;0;0m[38;2;65;115;148m▄[0m[48;2;0;0;0m[38;2;65;115;148m▄[0m[48;2;0;0;0m[38;2;65;115;148m▄[0m[38;2;0;0;0m▄[0m[48;2;0;0;0m[38;2;65;115;148m▄[0m[48;2;57;82;115m[38;2;65;115;148m▄[0m[48;2;65;115;148m[38;2;65;115;148m▄[0m[48;2;0;0;0m[38;2;0;0;0m▄[0m       
                [48;2;0;0;0m[38;2;0;0;0m▄[0m[48;2;57;82;115m[38;2;57;82;115m▄[0m[48;2;65;115;148m[38;2;65;115;148m▄[0m[48;2;65;115;148m[38;2;65;115;148m▄[0m[48;2;65;115;148m[38;2;65;115;148m▄[0m[48;2;65;115;148m[38;2;65;115;148m▄[0m[48;2;65;115;148m[38;2;65;115;148m▄[0m[48;2;65;115;148m[38;2;65;115;148m▄[0m[48;2;65;115;148m[38;2;65;115;148m▄[0m[48;2;57;82;115m[38;2;65;115;148m▄[0m[48;2;57;82;115m[38;2;65;115;148m▄[0m[48;2;65;115;148m[38;2;65;115;148m▄[0m[48;2;65;115;148m[38;2;65;115;148m▄[0m[48;2;65;115;148m[38;2;65;115;148m▄[0m[48;2;65;115;148m[38;2;65;115;148m▄[0m[48;2;0;0;0m[38;2;0;0;0m▄[0m      
               [48;2;0;0;0m[38;2;0;0;0m▄[0m[48;2;57;82;115m[38;2;255;238;205m▄[0m[48;2;255;238;205m[38;2;255;238;205m▄[0m[48;2;57;82;115m[38;2;57;82;115m▄[0m[48;2;65;115;148m[38;2;65;115;148m▄[0m[48;2;65;115;148m[38;2;65;115;148m▄[0m[48;2;65;115;148m[38;2;57;82;115m▄[0m[48;2;65;115;148m[38;2;57;82;115m▄[0m[48;2;57;82;115m[38;2;255;238;205m▄[0m[48;2;57;82;115m[38;2;255;238;205m▄[0m[48;2;57;82;115m[38;2;255;238;205m▄[0m[48;2;65;115;148m[38;2;57;82;115m▄[0m[48;2;65;115;148m[38;2;57;82;115m▄[0m[48;2;65;115;148m[38;2;65;115;148m▄[0m[48;2;65;115;148m[38;2;65;115;148m▄[0m[48;2;65;115;148m[38;2;65;115;148m▄[0m[48;2;65;115;148m[38;2;65;115;148m▄[0m[48;2;0;0;0m[38;2;0;0;0m▄[0m     
              [48;2;0;0;0m[38;2;0;0;0m▄[0m[48;2;255;238;205m[38;2;65;65;65m▄[0m[48;2;255;238;205m[38;2;255;238;205m▄[0m[48;2;255;238;205m[38;2;255;238;205m▄[0m[48;2;255;238;205m[38;2;255;238;205m▄[0m[48;2;57;82;115m[38;2;255;238;205m▄[0m[48;2;57;82;115m[38;2;255;238;205m▄[0m[48;2;255;238;205m[38;2;255;238;205m▄[0m[48;2;255;238;205m[38;2;255;238;205m▄[0m[48;2;255;238;205m[38;2;255;238;205m▄[0m[48;2;255;238;205m[38;2;255;238;205m▄[0m[48;2;255;238;205m[38;2;255;238;205m▄[0m[48;2;255;238;205m[38;2;255;238;205m▄[0m[48;2;255;238;205m[38;2;255;238;205m▄[0m[48;2;57;82;115m[38;2;255;238;205m▄[0m[48;2;65;115;148m[38;2;57;82;115m▄[0m[48;2;65;115;148m[38;2;65;115;148m▄[0m[48;2;65;115;148m[38;2;65;115;148m▄[0m[48;2;65;115;148m[38;2;65;115;148m▄[0m[48;2;0;0;0m[38;2;0;0;0m▄[0m    
              [48;2;0;0;0m[38;2;0;0;0m▄[0m[48;2;255;238;205m[38;2;255;238;205m▄[0m[48;2;0;0;0m[38;2;255;238;205m▄[0m[48;2;255;238;205m[38;2;255;238;205m▄[0m[48;2;255;238;205m[38;2;255;238;205m▄[0m[48;2;255;238;205m[38;2;255;238;205m▄[0m[48;2;255;238;205m[38;2;255;238;205m▄[0m[48;2;255;238;205m[38;2;65;65;65m▄[0m[48;2;255;238;205m[38;2;0;0;0m▄[0m[48;2;0;0;0m[38;2;255;238;205m▄[0m[48;2;0;0;0m[38;2;255;238;205m▄[0m[48;2;65;65;65m[38;2;255;238;205m▄[0m[48;2;255;238;205m[38;2;255;238;205m▄[0m[48;2;255;238;205m[38;2;255;238;205m▄[0m[48;2;255;238;205m[38;2;255;238;205m▄[0m[48;2;255;238;205m[38;2;255;238;205m▄[0m[48;2;57;82;115m[38;2;57;82;115m▄[0m[48;2;65;115;148m[38;2;57;82;115m▄[0m[48;2;57;82;115m[38;2;57;82;115m▄[0m[48;2;0;0;0m[38;2;0;0;0m▄[0m    
               [48;2;0;0;0m[38;2;0;0;0m▄[0m[48;2;255;238;205m[38;2;65;65;65m▄[0m[48;2;255;238;205m[38;2;255;238;205m▄[0m[48;2;255;238;205m[38;2;255;238;205m▄[0m[48;2;255;238;205m[38;2;255;238;205m▄[0m[48;2;255;238;205m[38;2;255;238;205m▄[0m[48;2;255;238;205m[38;2;213;205;156m▄[0m[48;2;213;205;156m[38;2;255;255;255m▄[0m[48;2;255;238;205m[38;2;65;65;65m▄[0m[48;2;255;238;205m[38;2;255;238;205m▄[0m[48;2;255;238;205m[38;2;255;238;205m▄[0m[48;2;255;238;205m[38;2;255;238;205m▄[0m[48;2;255;238;205m[38;2;255;238;205m▄[0m[48;2;255;238;205m[38;2;213;205;156m▄[0m[48;2;213;205;156m[38;2;213;205;156m▄[0m[48;2;57;82;115m[38;2;57;82;115m▄[0m[48;2;57;82;115m[38;2;57;82;115m▄[0m[48;2;57;82;115m[38;2;0;0;0m▄[0m[38;2;0;0;0m▀[0m    
           [38;2;0;0;0m▄[0m[38;2;0;0;0m▄[0m[48;2;0;0;0m[38;2;65;65;65m▄[0m[48;2;0;0;0m[38;2;57;82;115m▄[0m[48;2;57;82;115m[38;2;255;238;205m▄[0m[48;2;255;238;205m[38;2;255;238;205m▄[0m[48;2;255;238;205m[38;2;255;238;205m▄[0m[48;2;189;164;131m[38;2;255;238;205m▄[0m[48;2;65;65;65m[38;2;255;238;205m▄[0m[48;2;65;65;65m[38;2;255;238;205m▄[0m[48;2;65;65;65m[38;2;255;238;205m▄[0m[48;2;65;65;65m[38;2;255;238;205m▄[0m[48;2;255;238;205m[38;2;255;238;205m▄[0m[48;2;255;238;205m[38;2;213;205;156m▄[0m[48;2;255;238;205m[38;2;213;205;156m▄[0m[48;2;213;205;156m[38;2;213;205;156m▄[0m[48;2;213;205;156m[38;2;213;205;156m▄[0m[48;2;213;205;156m[38;2;57;82;115m▄[0m[48;2;57;82;115m[38;2;57;82;115m▄[0m[48;2;57;82;115m[38;2;65;115;148m▄[0m[48;2;57;82;115m[38;2;0;0;0m▄[0m[38;2;0;0;0m▀[0m     
         [38;2;0;0;0m▄[0m[48;2;0;0;0m[38;2;65;115;148m▄[0m[48;2;65;115;148m[38;2;65;115;148m▄[0m[48;2;65;115;148m[38;2;65;115;148m▄[0m[48;2;65;115;148m[38;2;65;115;148m▄[0m[48;2;65;65;65m[38;2;65;115;148m▄[0m[48;2;255;246;222m[38;2;65;65;65m▄[0m[48;2;255;246;222m[38;2;255;246;222m▄[0m[48;2;255;246;222m[38;2;255;246;222m▄[0m[48;2;255;238;205m[38;2;255;246;222m▄[0m[48;2;255;238;205m[38;2;255;238;205m▄[0m[48;2;255;238;205m[38;2;255;238;205m▄[0m[48;2;255;238;205m[38;2;255;238;205m▄[0m[48;2;255;238;205m[38;2;255;238;205m▄[0m[48;2;255;238;205m[38;2;255;238;205m▄[0m[48;2;255;238;205m[38;2;255;238;205m▄[0m[48;2;255;238;205m[38;2;255;238;205m▄[0m[48;2;255;238;205m[38;2;255;238;205m▄[0m[48;2;255;238;205m[38;2;65;65;65m▄[0m[48;2;57;82;115m[38;2;65;115;148m▄[0m[48;2;65;115;148m[38;2;65;115;148m▄[0m[48;2;65;115;148m[38;2;65;115;148m▄[0m[48;2;65;115;148m[38;2;65;115;148m▄[0m[48;2;0;0;0m[38;2;65;115;148m▄[0m[38;2;0;0;0m▄[0m    
         [48;2;0;0;0m[38;2;0;0;0m▄[0m[48;2;65;115;148m[38;2;57;82;115m▄[0m[48;2;65;115;148m[38;2;57;82;115m▄[0m[48;2;65;115;148m[38;2;65;115;148m▄[0m[48;2;65;115;148m[38;2;57;82;115m▄[0m[48;2;57;82;115m[38;2;255;255;255m▄[0m[48;2;65;65;65m[38;2;65;65;65m▄[0m[48;2;255;246;222m[38;2;255;246;222m▄[0m[48;2;255;246;222m[38;2;255;246;222m▄[0m[48;2;255;246;222m[38;2;255;246;222m▄[0m[48;2;255;246;222m[38;2;255;246;222m▄[0m[48;2;255;246;222m[38;2;255;246;222m▄[0m[48;2;255;238;205m[38;2;255;246;222m▄[0m[48;2;255;238;205m[38;2;255;238;205m▄[0m[48;2;255;238;205m[38;2;65;65;65m▄[0m[48;2;255;238;205m[38;2;65;65;65m▄[0m[48;2;65;65;65m[38;2;65;115;148m▄[0m[48;2;65;65;65m[38;2;65;115;148m▄[0m[48;2;65;115;148m[38;2;65;115;148m▄[0m[48;2;65;115;148m[38;2;65;115;148m▄[0m[48;2;65;115;148m[38;2;65;115;148m▄[0m[48;2;65;115;148m[38;2;65;115;148m▄[0m[48;2;65;115;148m[38;2;65;115;148m▄[0m[48;2;65;115;148m[38;2;65;115;148m▄[0m[48;2;65;115;148m[38;2;65;115;148m▄[0m[48;2;0;0;0m[38;2;0;0;0m▄[0m   
         [38;2;0;0;0m▄[0m[48;2;0;0;0m[38;2;255;238;205m▄[0m[48;2;255;255;255m[38;2;65;65;65m▄[0m[48;2;57;82;115m[38;2;65;65;65m▄[0m[48;2;255;255;255m[38;2;65;65;65m▄[0m[48;2;65;65;65m[38;2;255;246;222m▄[0m[48;2;255;246;222m[38;2;255;246;222m▄[0m[48;2;255;246;222m[38;2;255;246;222m▄[0m[48;2;255;246;222m[38;2;255;246;222m▄[0m[48;2;255;246;222m[38;2;255;246;222m▄[0m[48;2;255;246;222m[38;2;255;246;222m▄[0m[48;2;255;246;222m[38;2;255;246;222m▄[0m[48;2;255;246;222m[38;2;65;65;65m▄[0m[48;2;65;65;65m[38;2;255;255;255m▄[0m[48;2;65;115;148m[38;2;57;82;115m▄[0m[48;2;65;115;148m[38;2;65;115;148m▄[0m[48;2;65;115;148m[38;2;65;115;148m▄[0m[48;2;65;115;148m[38;2;65;115;148m▄[0m[48;2;65;115;148m[38;2;65;115;148m▄[0m[48;2;65;115;148m[38;2;65;115;148m▄[0m[48;2;65;115;148m[38;2;65;115;148m▄[0m[48;2;65;115;148m[38;2;65;115;148m▄[0m[48;2;65;115;148m[38;2;65;115;148m▄[0m[48;2;65;115;148m[38;2;65;115;148m▄[0m[48;2;65;115;148m[38;2;65;115;148m▄[0m[48;2;65;115;148m[38;2;65;115;148m▄[0m[48;2;0;0;0m[38;2;0;0;0m▄[0m  
        [38;2;0;0;0m▄[0m[48;2;0;0;0m[38;2;255;238;205m▄[0m[48;2;255;238;205m[38;2;255;238;205m▄[0m[48;2;255;238;205m[38;2;255;238;205m▄[0m[48;2;255;238;205m[38;2;255;238;205m▄[0m[48;2;255;246;222m[38;2;255;238;205m▄[0m[48;2;255;246;222m[38;2;255;238;205m▄[0m[48;2;255;246;222m[38;2;255;246;222m▄[0m[48;2;255;246;222m[38;2;255;246;222m▄[0m[48;2;255;246;222m[38;2;255;246;222m▄[0m[48;2;255;246;222m[38;2;255;246;222m▄[0m[48;2;255;246;222m[38;2;255;246;222m▄[0m[48;2;255;246;222m[38;2;255;238;205m▄[0m[48;2;255;238;205m[38;2;255;238;205m▄[0m[48;2;65;65;65m[38;2;65;65;65m▄[0m[48;2;57;82;115m[38;2;255;255;255m▄[0m[48;2;65;115;148m[38;2;57;82;115m▄[0m[48;2;65;115;148m[38;2;65;115;148m▄[0m[48;2;65;115;148m[38;2;65;115;148m▄[0m[48;2;65;115;148m[38;2;65;115;148m▄[0m[48;2;65;115;148m[38;2;65;115;148m▄[0m[48;2;65;115;148m[38;2;65;115;148m▄[0m[48;2;65;115;148m[38;2;65;65;65m▄[0m[48;2;65;115;148m[38;2;65;115;148m▄[0m[48;2;65;115;148m[38;2;65;115;148m▄[0m[48;2;65;115;148m[38;2;65;115;148m▄[0m[48;2;65;115;148m[38;2;65;115;148m▄[0m[48;2;65;115;148m[38;2;65;115;148m▄[0m[48;2;0;0;0m[38;2;0;0;0m▄[0m 
   [38;2;0;0;0m▄[0m[38;2;0;0;0m▄[0m  [38;2;0;0;0m▄[0m[48;2;0;0;0m[38;2;65;115;148m▄[0m[48;2;255;238;205m[38;2;255;238;205m▄[0m[48;2;255;238;205m[38;2;255;238;205m▄[0m[48;2;255;238;205m[38;2;255;238;205m▄[0m[48;2;255;238;205m[38;2;255;238;205m▄[0m[48;2;255;238;205m[38;2;255;238;205m▄[0m[48;2;255;238;205m[38;2;255;238;205m▄[0m[48;2;255;238;205m[38;2;255;238;205m▄[0m[48;2;255;238;205m[38;2;255;238;205m▄[0m[48;2;255;238;205m[38;2;255;238;205m▄[0m[48;2;255;238;205m[38;2;255;238;205m▄[0m[48;2;255;238;205m[38;2;255;238;205m▄[0m[48;2;255;238;205m[38;2;255;238;205m▄[0m[48;2;255;238;205m[38;2;255;238;205m▄[0m[48;2;255;238;205m[38;2;255;238;205m▄[0m[48;2;65;65;65m[38;2;255;238;205m▄[0m[48;2;255;255;255m[38;2;65;65;65m▄[0m[48;2;57;82;115m[38;2;65;65;65m▄[0m[48;2;65;115;148m[38;2;65;65;65m▄[0m[48;2;65;115;148m[38;2;65;65;65m▄[0m[48;2;65;65;65m[38;2;255;238;205m▄[0m[48;2;65;65;65m[38;2;255;238;205m▄[0m[48;2;65;115;148m[38;2;65;115;148m▄[0m[48;2;65;115;148m[38;2;65;115;148m▄[0m[48;2;65;115;148m[38;2;65;115;148m▄[0m[48;2;65;115;148m[38;2;65;115;148m▄[0m[48;2;65;115;148m[38;2;65;115;148m▄[0m[48;2;65;115;148m[38;2;65;115;148m▄[0m[48;2;0;0;0m[38;2;57;82;115m▄[0m[38;2;0;0;0m▄[0m
[38;2;0;0;0m▄[0m[48;2;0;0;0m[38;2;255;255;255m▄[0m[48;2;0;0;0m[38;2;189;164;131m▄[0m[48;2;255;255;255m[38;2;255;255;255m▄[0m[48;2;189;189;197m[38;2;255;255;255m▄[0m[48;2;0;0;0m[38;2;189;164;131m▄[0m[48;2;0;0;0m[38;2;255;238;205m▄[0m[48;2;65;115;148m[38;2;65;65;65m▄[0m[48;2;65;115;148m[38;2;65;115;148m▄[0m[48;2;255;238;205m[38;2;65;115;148m▄[0m[48;2;255;238;205m[38;2;255;238;205m▄[0m[48;2;255;238;205m[38;2;255;238;205m▄[0m[48;2;255;238;205m[38;2;255;238;205m▄[0m[48;2;255;238;205m[38;2;255;238;205m▄[0m[48;2;255;238;205m[38;2;255;238;205m▄[0m[48;2;255;238;205m[38;2;255;238;205m▄[0m[48;2;255;238;205m[38;2;255;238;205m▄[0m[48;2;255;238;205m[38;2;255;238;205m▄[0m[48;2;255;238;205m[38;2;255;238;205m▄[0m[48;2;255;238;205m[38;2;255;238;205m▄[0m[48;2;255;238;205m[38;2;255;238;205m▄[0m[48;2;255;238;205m[38;2;255;238;205m▄[0m[48;2;255;238;205m[38;2;255;238;205m▄[0m[48;2;255;238;205m[38;2;65;65;65m▄[0m[48;2;255;238;205m[38;2;65;65;65m▄[0m[48;2;255;238;205m[38;2;255;238;205m▄[0m[48;2;255;238;205m[38;2;255;238;205m▄[0m[48;2;255;238;205m[38;2;255;238;205m▄[0m[48;2;255;238;205m[38;2;255;238;205m▄[0m[48;2;255;238;205m[38;2;65;115;148m▄[0m[48;2;65;115;148m[38;2;65;115;148m▄[0m[48;2;65;115;148m[38;2;65;115;148m▄[0m[48;2;65;115;148m[38;2;65;115;148m▄[0m[48;2;65;115;148m[38;2;65;115;148m▄[0m[48;2;65;115;148m[38;2;65;115;148m▄[0m[48;2;65;115;148m[38;2;57;82;115m▄[0m[48;2;57;82;115m[38;2;65;115;148m▄[0m[48;2;0;0;0m[38;2;0;0;0m▄[0m
 [48;2;0;0;0m[38;2;0;0;0m▄[0m[48;2;255;238;205m[38;2;255;238;205m▄[0m[48;2;255;238;205m[38;2;255;238;205m▄[0m[48;2;189;164;131m[38;2;255;238;205m▄[0m[48;2;189;164;131m[38;2;255;238;205m▄[0m[48;2;255;238;205m[38;2;255;238;205m▄[0m[48;2;255;238;205m[38;2;255;238;205m▄[0m[48;2;65;65;65m[38;2;255;238;205m▄[0m[48;2;65;115;148m[38;2;65;65;65m▄[0m[48;2;65;115;148m[38;2;65;115;148m▄[0m[48;2;255;238;205m[38;2;65;115;148m▄[0m[48;2;255;238;205m[38;2;255;238;205m▄[0m[48;2;255;238;205m[38;2;255;238;205m▄[0m[48;2;255;238;205m[38;2;255;238;205m▄[0m[48;2;255;238;205m[38;2;255;238;205m▄[0m[48;2;255;238;205m[38;2;255;238;205m▄[0m[48;2;255;238;205m[38;2;255;238;205m▄[0m[48;2;255;238;205m[38;2;255;238;205m▄[0m[48;2;255;238;205m[38;2;255;238;205m▄[0m[48;2;255;238;205m[38;2;255;238;205m▄[0m[48;2;255;238;205m[38;2;65;65;65m▄[0m[48;2;65;65;65m[38;2;65;65;65m▄[0m[48;2;189;189;197m[38;2;255;255;255m▄[0m[48;2;255;255;255m[38;2;255;255;255m▄[0m[48;2;65;65;65m[38;2;65;65;65m▄[0m[48;2;65;65;65m[38;2;189;189;197m▄[0m[48;2;65;65;65m[38;2;255;255;255m▄[0m[48;2;65;115;148m[38;2;65;65;65m▄[0m[48;2;65;115;148m[38;2;65;115;148m▄[0m[48;2;65;115;148m[38;2;65;115;148m▄[0m[48;2;65;115;148m[38;2;65;115;148m▄[0m[48;2;65;115;148m[38;2;57;82;115m▄[0m[48;2;65;115;148m[38;2;57;82;115m▄[0m[48;2;57;82;115m[38;2;65;115;148m▄[0m[48;2;65;115;148m[38;2;57;82;115m▄[0m[48;2;57;82;115m[38;2;65;115;148m▄[0m[48;2;0;0;0m[38;2;0;0;0m▄[0m
  [48;2;0;0;0m[38;2;0;0;0m▄[0m[48;2;255;238;205m[38;2;255;238;205m▄[0m[48;2;255;238;205m[38;2;148;106;49m▄[0m[48;2;255;238;205m[38;2;148;106;49m▄[0m[48;2;255;238;205m[38;2;255;238;205m▄[0m[48;2;255;238;205m[38;2;255;238;205m▄[0m[48;2;255;238;205m[38;2;255;238;205m▄[0m[48;2;65;65;65m[38;2;213;205;156m▄[0m[48;2;57;82;115m[38;2;65;65;65m▄[0m[48;2;57;82;115m[38;2;57;82;115m▄[0m[48;2;57;82;115m[38;2;57;82;115m▄[0m[48;2;57;82;115m[38;2;57;82;115m▄[0m[48;2;57;82;115m[38;2;57;82;115m▄[0m[48;2;57;82;115m[38;2;57;82;115m▄[0m[48;2;255;238;205m[38;2;57;82;115m▄[0m[48;2;255;238;205m[38;2;57;82;115m▄[0m[48;2;255;238;205m[38;2;255;238;205m▄[0m[48;2;255;238;205m[38;2;65;65;65m▄[0m[48;2;65;65;65m[38;2;255;238;205m▄[0m[48;2;255;238;205m[38;2;255;238;205m▄[0m[48;2;255;238;205m[38;2;255;238;205m▄[0m[48;2;189;164;131m[38;2;255;238;205m▄[0m[48;2;189;164;131m[38;2;255;238;205m▄[0m[48;2;189;164;131m[38;2;255;238;205m▄[0m[48;2;255;255;255m[38;2;189;164;131m▄[0m[48;2;189;189;197m[38;2;189;164;131m▄[0m[48;2;65;65;65m[38;2;255;255;255m▄[0m[48;2;65;65;65m[38;2;255;255;255m▄[0m[48;2;65;65;65m[38;2;65;65;65m▄[0m[48;2;57;82;115m[38;2;57;82;115m▄[0m[48;2;57;82;115m[38;2;57;82;115m▄[0m[48;2;57;82;115m[38;2;57;82;115m▄[0m[48;2;57;82;115m[38;2;57;82;115m▄[0m[48;2;57;82;115m[38;2;57;82;115m▄[0m[48;2;57;82;115m[38;2;0;0;0m▄[0m[38;2;0;0;0m▀[0m
   [38;2;0;0;0m▀[0m[48;2;148;106;49m[38;2;0;0;0m▄[0m[48;2;180;139;57m[38;2;148;106;49m▄[0m[48;2;148;106;49m[38;2;180;139;57m▄[0m[48;2;255;238;205m[38;2;148;106;49m▄[0m[48;2;213;205;156m[38;2;213;205;156m▄[0m[48;2;213;205;156m[38;2;213;205;156m▄[0m[48;2;65;65;65m[38;2;65;65;65m▄[0m[48;2;57;82;115m[38;2;57;82;115m▄[0m[48;2;57;82;115m[38;2;57;82;115m▄[0m[48;2;57;82;115m[38;2;57;82;115m▄[0m[48;2;57;82;115m[38;2;57;82;115m▄[0m[48;2;57;82;115m[38;2;57;82;115m▄[0m[48;2;57;82;115m[38;2;57;82;115m▄[0m[48;2;57;82;115m[38;2;57;82;115m▄[0m[48;2;57;82;115m[38;2;65;65;65m▄[0m[48;2;65;65;65m[38;2;255;238;205m▄[0m[48;2;255;238;205m[38;2;255;238;205m▄[0m[48;2;255;238;205m[38;2;255;238;205m▄[0m[48;2;255;238;205m[38;2;148;106;49m▄[0m[48;2;255;238;205m[38;2;148;106;49m▄[0m[48;2;255;238;205m[38;2;148;106;49m▄[0m[48;2;255;238;205m[38;2;213;205;156m▄[0m[48;2;213;205;156m[38;2;213;205;156m▄[0m[48;2;189;164;131m[38;2;213;205;156m▄[0m[48;2;255;255;255m[38;2;189;164;131m▄[0m[48;2;189;189;197m[38;2;65;65;65m▄[0m[48;2;65;65;65m[38;2;57;82;115m▄[0m[48;2;57;82;115m[38;2;57;82;115m▄[0m[48;2;57;82;115m[38;2;57;82;115m▄[0m[48;2;57;82;115m[38;2;57;82;115m▄[0m[48;2;57;82;115m[38;2;57;82;115m▄[0m[48;2;57;82;115m[38;2;0;0;0m▄[0m[38;2;0;0;0m▀[0m 
     [38;2;0;0;0m▀[0m[38;2;0;0;0m▀[0m[48;2;148;106;49m[38;2;0;0;0m▄[0m[48;2;213;205;156m[38;2;0;0;0m▄[0m[48;2;65;65;65m[38;2;0;0;0m▄[0m[38;2;0;0;0m▀[0m[38;2;0;0;0m▀[0m[38;2;0;0;0m▀[0m[38;2;0;0;0m▀[0m[48;2;57;82;115m[38;2;0;0;0m▄[0m[48;2;57;82;115m[38;2;0;0;0m▄[0m[48;2;57;82;115m[38;2;0;0;0m▄[0m[48;2;57;82;115m[38;2;0;0;0m▄[0m[48;2;65;65;65m[38;2;65;65;65m▄[0m[48;2;255;238;205m[38;2;255;238;205m▄[0m[48;2;255;238;205m[38;2;213;205;156m▄[0m[48;2;148;106;49m[38;2;148;106;49m▄[0m[48;2;148;106;49m[38;2;180;139;57m▄[0m[48;2;180;139;57m[38;2;180;139;57m▄[0m[48;2;180;139;57m[38;2;180;139;57m▄[0m[48;2;148;106;49m[38;2;148;106;49m▄[0m[48;2;213;205;156m[38;2;213;205;156m▄[0m[48;2;213;205;156m[38;2;213;205;156m▄[0m[48;2;213;205;156m[38;2;65;65;65m▄[0m[48;2;65;65;65m[38;2;57;82;115m▄[0m[48;2;57;82;115m[38;2;57;82;115m▄[0m[48;2;57;82;115m[38;2;0;0;0m▄[0m[48;2;57;82;115m[38;2;0;0;0m▄[0m[38;2;0;0;0m▀[0m[38;2;0;0;0m▀[0m   
                  [38;2;0;0;0m▀[0m[48;2;65;65;65m[38;2;0;0;0m▄[0m[48;2;213;205;156m[38;2;213;205;156m▄[0m[48;2;148;106;49m[38;2;213;205;156m▄[0m[48;2;180;139;57m[38;2;148;106;49m▄[0m[48;2;180;139;57m[38;2;148;106;49m▄[0m[48;2;148;106;49m[38;2;148;106;49m▄[0m[48;2;148;106;49m[38;2;213;205;156m▄[0m[48;2;213;205;156m[38;2;213;205;156m▄[0m[48;2;213;205;156m[38;2;0;0;0m▄[0m[38;2;0;0;0m▀[0m[38;2;0;0;0m▀[0m[38;2;0;0;0m▀[0m       
                    [38;2;0;0;0m▀[0m[48;2;213;205;156m[38;2;0;0;0m▄[0m[48;2;213;205;156m[38;2;0;0;0m▄[0m[48;2;213;205;156m[38;2;0;0;0m▄[0m[48;2;213;205;156m[38;2;0;0;0m▄[0m[38;2;0;0;0m▀[0m[38;2;0;0;0m▀[0m           