  [38;2;0;0;0m▄[0m[48;2;0;0;0m[38;2;231;207;156m▄[0m[38;2;0;4;0m▄[0m          [38;2;0;0;0m▄[0m[38;2;0;0;0m▄[0m      
  [48;2;0;0;0m[38;2;0;0;0m▄[0m[48;2;154;139;104m[38;2;222;211;148m▄[0m[48;2;0;4;0m[38;2;0;0;0m▄[0m         [48;2;0;0;0m[38;2;0;0;0m▄[0m[48;2;222;211;156m[38;2;222;210;150m▄[0m[48;2;74;70;52m[38;2;173;154;90m▄[0m[48;2;0;0;0m[38;2;0;0;0m▄[0m     
 [48;2;0;0;0m[38;2;0;0;0m▄[0m[48;2;173;154;90m[38;2;222;211;148m▄[0m[48;2;222;211;148m[38;2;239;215;148m▄[0m[48;2;0;0;0m[38;2;0;0;0m▄[0m       [38;2;0;0;0m▄[0m[48;2;0;0;0m[38;2;222;210;150m▄[0m[48;2;173;154;90m[38;2;173;154;90m▄[0m[48;2;222;210;150m[38;2;225;210;153m▄[0m[48;2;173;154;90m[38;2;225;210;153m▄[0m[48;2;222;211;148m[38;2;222;211;148m▄[0m[48;2;0;0;0m[38;2;0;0;0m▄[0m    
 [48;2;0;0;0m[38;2;0;0;0m▄[0m[48;2;222;211;148m[38;2;222;211;148m▄[0m[48;2;159;143;98m[38;2;173;154;90m▄[0m[48;2;0;0;0m[38;2;0;0;0m▄[0m   [38;2;0;0;0m▄[0m[38;2;0;0;0m▄[0m[38;2;0;0;0m▄[0m[38;2;0;0;8m▄[0m[48;2;0;0;0m[38;2;74;69;57m▄[0m[48;2;222;210;150m[38;2;225;210;153m▄[0m[48;2;222;210;150m[38;2;225;210;153m▄[0m[48;2;225;210;153m[38;2;225;210;153m▄[0m[48;2;225;210;153m[38;2;225;210;153m▄[0m[48;2;222;211;148m[38;2;222;211;148m▄[0m[48;2;0;0;0m[38;2;0;0;0m▄[0m    
 [48;2;0;0;0m[38;2;0;0;0m▄[0m[48;2;222;211;148m[38;2;222;211;148m▄[0m[48;2;173;154;90m[38;2;176;151;93m▄[0m[48;2;0;0;0m[38;2;66;65;66m▄[0m[38;2;0;0;8m▄[0m[48;2;0;0;0m[38;2;165;130;107m▄[0m[48;2;0;0;0m[38;2;170;131;104m▄[0m[48;2;173;130;107m[38;2;170;131;104m▄[0m[48;2;170;132;104m[38;2;170;131;104m▄[0m[48;2;170;132;104m[38;2;170;131;104m▄[0m[48;2;74;69;57m[38;2;66;65;66m▄[0m[48;2;222;207;156m[38;2;222;211;148m▄[0m[48;2;225;210;153m[38;2;225;210;153m▄[0m[48;2;225;210;153m[38;2;225;210;153m▄[0m[48;2;225;210;153m[38;2;225;210;153m▄[0m[48;2;225;210;153m[38;2;225;210;153m▄[0m[48;2;222;211;148m[38;2;0;0;0m▄[0m[38;2;0;0;0m▀[0m    
[48;2;0;0;0m[38;2;0;0;0m▄[0m[48;2;222;211;148m[38;2;225;210;153m▄[0m[48;2;222;211;148m[38;2;225;210;153m▄[0m[48;2;176;151;93m[38;2;170;159;115m▄[0m[48;2;176;151;93m[38;2;66;65;66m▄[0m[48;2;82;65;57m[38;2;222;211;148m▄[0m[48;2;165;130;107m[38;2;66;65;66m▄[0m[48;2;170;131;104m[38;2;170;131;104m▄[0m[48;2;170;131;104m[38;2;170;131;104m▄[0m[48;2;170;131;104m[38;2;170;132;104m▄[0m[48;2;170;131;104m[38;2;170;132;104m▄[0m[48;2;66;65;66m[38;2;66;65;66m▄[0m[48;2;222;211;148m[38;2;222;211;148m▄[0m[48;2;225;210;153m[38;2;225;210;153m▄[0m[48;2;225;210;153m[38;2;225;210;153m▄[0m[48;2;225;210;153m[38;2;225;210;153m▄[0m[48;2;225;210;153m[38;2;225;210;153m▄[0m[48;2;0;0;0m[38;2;66;64;66m▄[0m[38;2;0;0;0m▄[0m    
[38;2;0;0;0m▀[0m[48;2;225;210;153m[38;2;0;0;0m▄[0m[48;2;225;210;153m[38;2;222;211;156m▄[0m[48;2;222;207;140m[38;2;225;210;153m▄[0m[48;2;66;65;66m[38;2;225;210;153m▄[0m[48;2;222;211;148m[38;2;222;210;150m▄[0m[48;2;66;65;66m[38;2;173;154;90m▄[0m[48;2;170;131;104m[38;2;66;65;66m▄[0m[48;2;170;131;104m[38;2;66;65;66m▄[0m[48;2;66;65;66m[38;2;225;210;153m▄[0m[48;2;66;65;66m[38;2;225;210;153m▄[0m[48;2;222;211;148m[38;2;222;211;148m▄[0m[48;2;222;211;148m[38;2;222;211;148m▄[0m[48;2;225;210;153m[38;2;222;211;148m▄[0m[48;2;225;210;153m[38;2;222;211;148m▄[0m[48;2;225;210;153m[38;2;66;65;66m▄[0m[48;2;225;210;153m[38;2;66;65;66m▄[0m[48;2;66;64;66m[38;2;170;131;104m▄[0m[48;2;0;0;0m[38;2;170;131;104m▄[0m[38;2;0;0;0m▄[0m   
 [48;2;0;0;0m[38;2;0;0;0m▄[0m[48;2;74;70;52m[38;2;173;178;189m▄[0m[48;2;225;210;153m[38;2;66;44;57m▄[0m[48;2;225;210;153m[38;2;222;199;148m▄[0m[48;2;222;210;150m[38;2;225;210;153m▄[0m[48;2;222;210;150m[38;2;225;210;153m▄[0m[48;2;222;211;148m[38;2;222;211;148m▄[0m[48;2;222;211;148m[38;2;222;211;148m▄[0m[48;2;225;210;153m[38;2;66;65;66m▄[0m[48;2;225;210;153m[38;2;66;65;66m▄[0m[48;2;222;211;148m[38;2;66;65;66m▄[0m[48;2;66;65;66m[38;2;66;65;66m▄[0m[48;2;66;65;66m[38;2;173;148;107m▄[0m[48;2;66;65;66m[38;2;115;81;66m▄[0m[48;2;170;132;104m[38;2;170;131;104m▄[0m[48;2;170;132;104m[38;2;170;131;104m▄[0m[48;2;170;131;104m[38;2;170;129;104m▄[0m[48;2;170;131;104m[38;2;170;129;104m▄[0m[48;2;0;0;0m[38;2;0;0;0m▄[0m   
 [48;2;0;0;0m[38;2;0;0;0m▄[0m[48;2;173;178;189m[38;2;86;85;115m▄[0m[48;2;118;95;87m[38;2;186;173;164m▄[0m[48;2;118;95;87m[38;2;66;65;66m▄[0m[48;2;225;210;153m[38;2;66;65;66m▄[0m[48;2;225;210;153m[38;2;66;65;66m▄[0m[48;2;66;65;66m[38;2;57;52;74m▄[0m[48;2;66;65;66m[38;2;173;174;198m▄[0m[48;2;255;255;255m[38;2;173;48;57m▄[0m[48;2;66;65;66m[38;2;200;115;123m▄[0m[48;2;176;181;192m[38;2;255;255;255m▄[0m[48;2;66;65;66m[38;2;85;85;112m▄[0m[48;2;231;215;148m[38;2;222;211;148m▄[0m[48;2;115;81;66m[38;2;107;81;66m▄[0m[48;2;170;131;104m[38;2;170;129;104m▄[0m[48;2;170;131;104m[38;2;170;129;104m▄[0m[48;2;170;129;104m[38;2;137;94;88m▄[0m[48;2;140;93;90m[38;2;0;0;0m▄[0m[38;2;0;0;0m▀[0m   
  [48;2;0;0;0m[38;2;0;0;0m▄[0m[48;2;66;65;66m[38;2;255;235;222m▄[0m[48;2;247;227;214m[38;2;255;235;222m▄[0m[48;2;66;65;66m[38;2;255;219;198m▄[0m[48;2;222;211;148m[38;2;74;77;82m▄[0m[48;2;95;92;115m[38;2;222;207;156m▄[0m[48;2;95;92;115m[38;2;106;103;101m▄[0m[48;2;255;251;255m[38;2;84;86;115m▄[0m[48;2;255;251;255m[38;2;84;86;115m▄[0m[48;2;85;85;112m[38;2;96;83;93m▄[0m[48;2;85;85;112m[38;2;222;211;148m▄[0m[48;2;222;211;148m[38;2;109;79;68m▄[0m[48;2;107;81;66m[38;2;109;79;68m▄[0m[48;2;140;93;90m[38;2;137;94;88m▄[0m[48;2;140;93;90m[38;2;137;94;88m▄[0m[48;2;137;94;88m[38;2;0;0;0m▄[0m[38;2;0;0;0m▀[0m    
   [38;2;0;0;0m▀[0m[48;2;255;235;222m[38;2;0;0;0m▄[0m[48;2;194;171;159m[38;2;104;100;99m▄[0m[48;2;74;77;82m[38;2;198;170;165m▄[0m[48;2;49;52;74m[38;2;68;63;62m▄[0m[48;2;222;207;156m[38;2;104;78;76m▄[0m[48;2;222;211;148m[38;2;109;79;68m▄[0m[48;2;222;211;148m[38;2;109;79;68m▄[0m[48;2;222;211;148m[38;2;139;95;90m▄[0m[48;2;96;83;93m[38;2;139;95;90m▄[0m[48;2;109;79;68m[38;2;142;94;88m▄[0m[48;2;137;94;87m[38;2;66;65;66m▄[0m[48;2;137;94;88m[38;2;66;65;66m▄[0m[48;2;0;0;0m[38;2;110;79;68m▄[0m[38;2;0;0;0m▄[0m     
   [48;2;0;0;0m[38;2;0;4;8m▄[0m[48;2;111;81;70m[38;2;107;81;74m▄[0m[48;2;57;65;66m[38;2;79;67;63m▄[0m[48;2;57;65;66m[38;2;173;130;107m▄[0m[48;2;140;93;90m[38;2;173;130;107m▄[0m[48;2;140;93;90m[38;2;129;98;85m▄[0m[48;2;137;94;87m[38;2;140;93;90m▄[0m[48;2;137;94;87m[38;2;140;93;90m▄[0m[48;2;139;95;90m[38;2;137;106;88m▄[0m[48;2;139;95;90m[38;2;173;130;99m▄[0m[48;2;66;65;66m[38;2;66;65;66m▄[0m[48;2;104;79;77m[38;2;110;79;68m▄[0m[48;2;110;79;68m[38;2;110;79;68m▄[0m[48;2;110;79;68m[38;2;66;65;66m▄[0m[48;2;66;65;66m[38;2;110;80;68m▄[0m[48;2;0;0;0m[38;2;110;80;68m▄[0m[38;2;0;0;0m▄[0m   
  [48;2;0;0;0m[38;2;0;0;0m▄[0m[48;2;107;81;74m[38;2;110;79;68m▄[0m[48;2;71;55;52m[38;2;66;65;66m▄[0m[48;2;79;67;63m[38;2;112;83;71m▄[0m[48;2;79;67;63m[38;2;82;60;57m▄[0m[48;2;85;67;63m[38;2;109;79;68m▄[0m[48;2;173;130;107m[38;2;170;130;104m▄[0m[48;2;170;129;104m[38;2;82;68;61m▄[0m[48;2;170;129;104m[38;2;82;68;61m▄[0m[48;2;173;130;99m[38;2;79;70;66m▄[0m[48;2;66;60;66m[38;2;66;65;66m▄[0m[48;2;110;79;68m[38;2;110;80;68m▄[0m[48;2;110;79;68m[38;2;110;80;68m▄[0m[48;2;66;65;66m[38;2;66;65;66m▄[0m[48;2;110;79;68m[38;2;110;79;68m▄[0m[48;2;110;80;68m[38;2;110;80;68m▄[0m[48;2;110;80;68m[38;2;110;80;68m▄[0m[48;2;0;0;0m[38;2;111;81;70m▄[0m[38;2;0;0;0m▄[0m  
  [38;2;0;0;0m▀[0m[48;2;110;79;68m[38;2;0;0;0m▄[0m[48;2;66;65;66m[38;2;111;81;70m▄[0m[48;2;173;130;99m[38;2;66;65;66m▄[0m[48;2;112;83;71m[38;2;173;130;99m▄[0m[48;2;170;130;104m[38;2;170;131;104m▄[0m[48;2;170;130;104m[38;2;170;131;104m▄[0m[48;2;107;81;66m[38;2;173;130;107m▄[0m[48;2;82;68;61m[38;2;115;77;74m▄[0m[48;2;107;81;66m[38;2;170;129;104m▄[0m[48;2;66;65;66m[38;2;140;93;90m▄[0m[48;2;110;80;68m[38;2;66;65;66m▄[0m[48;2;110;80;68m[38;2;110;79;68m▄[0m[48;2;66;65;66m[38;2;110;79;68m▄[0m[48;2;110;79;68m[38;2;66;65;66m▄[0m[48;2;110;80;68m[38;2;110;80;68m▄[0m[48;2;110;80;68m[38;2;110;80;68m▄[0m[48;2;111;81;70m[38;2;107;85;74m▄[0m[48;2;0;0;0m[38;2;0;0;0m▄[0m  
    [38;2;0;0;0m▀[0m[48;2;101;86;77m[38;2;0;0;0m▄[0m[48;2;66;65;66m[38;2;0;0;0m▄[0m[48;2;82;69;66m[38;2;71;60;57m▄[0m[48;2;82;69;66m[38;2;107;89;82m▄[0m[48;2;134;94;85m[38;2;140;95;90m▄[0m[48;2;134;94;85m[38;2;140;95;90m▄[0m[48;2;140;93;90m[38;2;82;68;61m▄[0m[48;2;140;93;90m[38;2;82;68;61m▄[0m[48;2;66;65;66m[38;2;74;65;66m▄[0m[48;2;110;79;68m[38;2;74;65;66m▄[0m[48;2;110;79;68m[38;2;110;79;68m▄[0m[48;2;66;65;66m[38;2;110;79;68m▄[0m[48;2;110;80;68m[38;2;66;65;66m▄[0m[48;2;110;80;68m[38;2;66;65;66m▄[0m[48;2;71;56;49m[38;2;107;89;82m▄[0m[48;2;0;0;0m[38;2;0;4;8m▄[0m  
       [38;2;0;4;8m▀[0m[48;2;71;60;57m[38;2;0;0;0m▄[0m[48;2;66;65;66m[38;2;176;151;93m▄[0m[48;2;140;95;90m[38;2;66;65;66m▄[0m[48;2;107;81;66m[38;2;66;65;66m▄[0m[48;2;82;68;61m[38;2;66;65;66m▄[0m[48;2;107;79;77m[38;2;66;65;66m▄[0m[48;2;140;94;88m[38;2;66;65;66m▄[0m[48;2;66;65;66m[38;2;66;65;66m▄[0m[48;2;66;65;66m[38;2;82;69;61m▄[0m[48;2;110;79;68m[38;2;66;65;66m▄[0m[48;2;110;79;68m[38;2;66;65;66m▄[0m[48;2;71;60;57m[38;2;82;68;62m▄[0m[48;2;71;60;57m[38;2;82;68;62m▄[0m[48;2;0;0;0m[38;2;82;69;61m▄[0m[38;2;0;0;0m▄[0m
     [38;2;0;0;0m▄[0m[48;2;0;0;0m[38;2;164;135;104m▄[0m[48;2;0;0;0m[38;2;68;64;54m▄[0m[48;2;66;65;66m[38;2;137;117;101m▄[0m[48;2;176;151;93m[38;2;170;143;98m▄[0m[48;2;176;151;93m[38;2;66;65;66m▄[0m[48;2;66;65;66m[38;2;231;211;148m▄[0m[48;2;176;151;93m[38;2;231;211;148m▄[0m[48;2;176;151;93m[38;2;222;211;148m▄[0m[48;2;176;151;93m[38;2;222;211;148m▄[0m[48;2;66;65;66m[38;2;231;211;148m▄[0m[48;2;82;69;61m[38;2;74;65;66m▄[0m[48;2;82;69;61m[38;2;82;69;61m▄[0m[48;2;66;65;66m[38;2;82;69;61m▄[0m[48;2;82;68;62m[38;2;0;0;0m▄[0m[48;2;82;68;62m[38;2;0;0;0m▄[0m[38;2;0;0;0m▀[0m 
     [38;2;0;0;0m▀[0m[38;2;0;0;0m▀[0m[48;2;206;170;148m[38;2;0;0;0m▄[0m[48;2;137;117;101m[38;2;0;0;0m▄[0m[48;2;66;65;66m[38;2;82;73;68m▄[0m[48;2;170;143;98m[38;2;247;219;206m▄[0m[48;2;152;138;107m[38;2;0;0;0m▄[0m[48;2;74;65;66m[38;2;66;65;66m▄[0m[48;2;222;211;148m[38;2;164;143;126m▄[0m[48;2;66;65;66m[38;2;82;71;63m▄[0m[48;2;152;138;107m[38;2;0;0;0m▄[0m[48;2;152;138;107m[38;2;255;223;206m▄[0m[48;2;0;0;0m[38;2;0;0;0m▄[0m[38;2;0;0;0m▀[0m    
         [38;2;0;0;0m▀[0m[38;2;0;0;0m▀[0m [38;2;0;0;0m▀[0m[48;2;247;215;189m[38;2;0;0;0m▄[0m[38;2;0;0;0m▀[0m [38;2;0;0;0m▀[0m[38;2;0;0;0m▀[0m     