      [38;2;0;0;0m▄[0m[38;2;0;0;0m▄[0m[48;2;0;0;0m[38;2;247;247;173m▄[0m[48;2;0;0;0m[38;2;222;197;123m▄[0m[48;2;0;0;0m[38;2;247;247;173m▄[0m[48;2;0;0;0m[38;2;247;247;173m▄[0m[38;2;0;0;0m▄[0m[38;2;0;0;0m▄[0m        
     [48;2;0;0;0m[38;2;0;0;0m▄[0m[48;2;222;197;123m[38;2;247;247;173m▄[0m[48;2;247;247;173m[38;2;247;247;173m▄[0m[48;2;247;247;173m[38;2;247;247;173m▄[0m[48;2;247;247;173m[38;2;247;247;173m▄[0m[48;2;247;247;173m[38;2;247;247;173m▄[0m[48;2;247;247;173m[38;2;247;247;173m▄[0m[48;2;247;247;173m[38;2;247;247;173m▄[0m[48;2;222;197;123m[38;2;247;247;173m▄[0m[48;2;0;0;0m[38;2;0;0;0m▄[0m       
    [48;2;0;0;0m[38;2;0;0;0m▄[0m[48;2;247;247;173m[38;2;247;247;173m▄[0m[48;2;247;247;173m[38;2;247;247;173m▄[0m[48;2;247;247;173m[38;2;222;197;123m▄[0m[48;2;247;247;173m[38;2;247;247;173m▄[0m[48;2;247;247;173m[38;2;247;247;173m▄[0m[48;2;247;247;173m[38;2;247;247;173m▄[0m[48;2;247;247;173m[38;2;247;247;173m▄[0m[48;2;247;247;173m[38;2;247;247;173m▄[0m[48;2;222;197;123m[38;2;247;247;173m▄[0m[48;2;222;197;123m[38;2;222;197;123m▄[0m[48;2;0;0;0m[38;2;0;0;0m▄[0m      
  [38;2;0;0;0m▄[0m[38;2;0;0;0m▄[0m[48;2;0;0;0m[38;2;65;65;65m▄[0m[48;2;222;197;123m[38;2;65;65;65m▄[0m[48;2;247;247;173m[38;2;222;197;123m▄[0m[48;2;247;247;173m[38;2;247;247;173m▄[0m[48;2;247;247;173m[38;2;247;247;173m▄[0m[48;2;247;247;173m[38;2;222;197;123m▄[0m[48;2;247;247;173m[38;2;247;247;173m▄[0m[48;2;222;197;123m[38;2;247;247;173m▄[0m[48;2;247;247;173m[38;2;222;197;123m▄[0m[48;2;222;197;123m[38;2;222;197;123m▄[0m[48;2;222;197;123m[38;2;0;0;0m▄[0m[38;2;0;0;0m▀[0m      
[38;2;0;0;0m▄[0m[48;2;0;0;0m[38;2;222;197;123m▄[0m[48;2;247;247;173m[38;2;247;247;173m▄[0m[48;2;222;197;123m[38;2;247;247;173m▄[0m[48;2;247;247;173m[38;2;247;247;173m▄[0m[48;2;65;65;65m[38;2;247;247;173m▄[0m[48;2;222;197;123m[38;2;65;65;65m▄[0m[48;2;181;156;66m[38;2;65;65;65m▄[0m[48;2;222;197;123m[38;2;222;197;123m▄[0m[48;2;222;197;123m[38;2;181;156;66m▄[0m[48;2;222;197;123m[38;2;222;197;123m▄[0m[48;2;181;156;66m[38;2;222;197;123m▄[0m[48;2;222;197;123m[38;2;65;65;65m▄[0m[48;2;222;197;123m[38;2;0;0;0m▄[0m[38;2;0;0;0m▀[0m       
[48;2;0;0;0m[38;2;0;0;0m▄[0m[48;2;247;247;173m[38;2;247;247;173m▄[0m[48;2;247;247;173m[38;2;222;197;123m▄[0m[48;2;247;247;173m[38;2;247;247;173m▄[0m[48;2;247;247;173m[38;2;247;247;173m▄[0m[48;2;222;197;123m[38;2;222;197;123m▄[0m[48;2;222;197;123m[38;2;65;65;65m▄[0m[48;2;65;65;65m[38;2;148;181;247m▄[0m[48;2;65;65;65m[38;2;123;132;206m▄[0m[48;2;66;148;49m[38;2;65;65;65m▄[0m[48;2;181;156;66m[38;2;65;65;65m▄[0m[48;2;66;148;49m[38;2;65;65;65m▄[0m[48;2;65;65;65m[38;2;123;132;206m▄[0m[48;2;123;132;206m[38;2;123;132;206m▄[0m[48;2;0;0;0m[38;2;140;156;230m▄[0m[38;2;0;0;0m▄[0m[38;2;0;0;0m▄[0m[38;2;0;0;0m▄[0m[38;2;0;0;0m▄[0m[38;2;0;0;0m▄[0m  
[38;2;0;0;0m▀[0m[48;2;222;197;123m[38;2;0;0;0m▄[0m[48;2;247;247;173m[38;2;222;197;123m▄[0m[48;2;247;247;173m[38;2;222;197;123m▄[0m[48;2;222;197;123m[38;2;181;156;66m▄[0m[48;2;65;65;65m[38;2;65;65;65m▄[0m[48;2;123;132;206m[38;2;255;189;214m▄[0m[48;2;148;181;247m[38;2;148;181;247m▄[0m[48;2;148;181;247m[38;2;148;181;247m▄[0m[48;2;140;156;230m[38;2;148;181;247m▄[0m[48;2;123;132;206m[38;2;148;181;247m▄[0m[48;2;123;132;206m[38;2;148;181;247m▄[0m[48;2;140;156;230m[38;2;148;181;247m▄[0m[48;2;148;181;247m[38;2;148;181;247m▄[0m[48;2;148;181;247m[38;2;65;65;65m▄[0m[48;2;65;65;65m[38;2;247;247;173m▄[0m[48;2;222;197;123m[38;2;247;247;173m▄[0m[48;2;247;247;173m[38;2;247;247;173m▄[0m[48;2;247;247;173m[38;2;247;247;173m▄[0m[48;2;222;197;123m[38;2;247;247;173m▄[0m[48;2;0;0;0m[38;2;181;156;66m▄[0m[38;2;0;0;0m▄[0m
  [38;2;0;0;0m▀[0m[38;2;0;0;0m▀[0m[38;2;0;0;0m▀[0m[48;2;65;65;65m[38;2;0;0;0m▄[0m[48;2;239;25;90m[38;2;148;181;247m▄[0m[48;2;148;181;247m[38;2;148;181;247m▄[0m[48;2;148;181;247m[38;2;148;181;247m▄[0m[48;2;148;181;247m[38;2;148;181;247m▄[0m[48;2;255;189;214m[38;2;239;25;90m▄[0m[48;2;148;181;247m[38;2;148;181;247m▄[0m[48;2;148;181;247m[38;2;148;181;247m▄[0m[48;2;148;181;247m[38;2;140;156;230m▄[0m[48;2;65;65;65m[38;2;65;65;65m▄[0m[48;2;222;197;123m[38;2;247;247;173m▄[0m[48;2;247;247;173m[38;2;247;247;173m▄[0m[48;2;247;247;173m[38;2;247;247;173m▄[0m[48;2;247;247;173m[38;2;247;247;173m▄[0m[48;2;222;197;123m[38;2;247;247;173m▄[0m[48;2;222;197;123m[38;2;222;197;123m▄[0m[48;2;0;0;0m[38;2;0;0;0m▄[0m
     [38;2;0;0;0m▀[0m[48;2;123;132;206m[38;2;0;0;0m▄[0m[48;2;148;181;247m[38;2;123;132;206m▄[0m[48;2;214;123;115m[38;2;255;140;173m▄[0m[48;2;148;181;247m[38;2;123;132;206m▄[0m[48;2;148;181;247m[38;2;123;132;206m▄[0m[48;2;140;156;230m[38;2;123;132;206m▄[0m[48;2;123;132;206m[38;2;123;132;206m▄[0m[48;2;123;132;206m[38;2;123;132;206m▄[0m[48;2;65;65;65m[38;2;123;132;206m▄[0m[48;2;222;197;123m[38;2;65;65;65m▄[0m[48;2;247;247;173m[38;2;222;197;123m▄[0m[48;2;222;197;123m[38;2;222;197;123m▄[0m[48;2;247;247;173m[38;2;222;197;123m▄[0m[48;2;222;197;123m[38;2;181;156;66m▄[0m[48;2;222;197;123m[38;2;0;0;0m▄[0m[38;2;0;0;0m▀[0m
       [48;2;0;0;0m[38;2;0;0;0m▄[0m[48;2;123;132;206m[38;2;65;65;65m▄[0m[48;2;123;132;206m[38;2;65;65;65m▄[0m[48;2;123;132;206m[38;2;65;65;65m▄[0m[48;2;123;132;206m[38;2;65;65;65m▄[0m[48;2;123;132;206m[38;2;65;65;65m▄[0m[48;2;123;132;206m[38;2;65;65;65m▄[0m[48;2;65;65;65m[38;2;123;132;206m▄[0m[48;2;65;65;65m[38;2;0;0;0m▄[0m[38;2;0;0;0m▀[0m[38;2;0;0;0m▀[0m[38;2;0;0;0m▀[0m[38;2;0;0;0m▀[0m  
        [38;2;0;0;0m▀[0m[38;2;0;0;0m▀[0m  [38;2;0;0;0m▀[0m[48;2;123;132;206m[38;2;0;0;0m▄[0m[48;2;123;132;206m[38;2;0;0;0m▄[0m[38;2;0;0;0m▀[0m      