     [38;2;0;0;0m▄[0m[48;2;0;0;0m[38;2;148;214;90m▄[0m[38;2;0;0;0m▄[0m                                      
   [38;2;0;0;0m▄[0m [48;2;0;0;0m[38;2;8;0;16m▄[0m[48;2;148;214;90m[38;2;148;214;98m▄[0m[48;2;0;0;0m[38;2;148;214;90m▄[0m[38;2;0;0;0m▄[0m  [38;2;0;0;0m▄[0m                       [38;2;0;0;0m▄[0m[38;2;0;0;0m▄[0m         
  [48;2;0;0;0m[38;2;0;0;0m▄[0m[48;2;148;214;90m[38;2;148;214;90m▄[0m[48;2;0;0;0m[38;2;148;214;90m▄[0m[48;2;54;71;43m[38;2;65;64;65m▄[0m[48;2;148;214;98m[38;2;148;214;90m▄[0m[48;2;148;214;90m[38;2;65;64;65m▄[0m[48;2;0;0;0m[38;2;65;64;65m▄[0m[38;2;0;24;32m▄[0m[48;2;0;0;0m[38;2;82;44;43m▄[0m[48;2;255;72;49m[38;2;255;72;49m▄[0m[48;2;0;0;0m[38;2;0;0;0m▄[0m                     [48;2;0;0;0m[38;2;0;0;0m▄[0m[48;2;148;214;90m[38;2;148;214;90m▄[0m[48;2;148;214;90m[38;2;148;214;90m▄[0m[48;2;0;0;0m[38;2;0;0;0m▄[0m        
 [48;2;0;0;0m[38;2;0;0;0m▄[0m[48;2;148;214;90m[38;2;148;214;90m▄[0m[48;2;65;64;65m[38;2;148;214;90m▄[0m[48;2;148;214;90m[38;2;65;64;65m▄[0m[48;2;148;214;90m[38;2;65;64;65m▄[0m[48;2;65;64;65m[38;2;65;64;65m▄[0m[48;2;255;72;57m[38;2;255;72;49m▄[0m[48;2;160;68;61m[38;2;255;72;49m▄[0m[48;2;82;44;43m[38;2;65;64;65m▄[0m[48;2;246;85;65m[38;2;255;72;49m▄[0m[48;2;255;72;49m[38;2;0;0;0m▄[0m[38;2;0;0;0m▀[0m                 [38;2;0;0;0m▄[0m[48;2;0;0;0m[38;2;254;74;52m▄[0m[48;2;0;0;0m[38;2;254;74;52m▄[0m[38;2;0;0;0m▄[0m[48;2;0;0;0m[38;2;82;82;82m▄[0m[48;2;148;214;90m[38;2;148;214;90m▄[0m[48;2;148;214;90m[38;2;148;214;90m▄[0m[48;2;0;0;0m[38;2;0;0;0m▄[0m  [38;2;0;0;0m▄[0m[38;2;0;0;0m▄[0m    
 [38;2;0;0;0m▄[0m[48;2;0;0;0m[38;2;139;174;65m▄[0m[48;2;148;214;90m[38;2;65;64;65m▄[0m[48;2;65;64;65m[38;2;65;64;65m▄[0m[48;2;255;72;57m[38;2;255;72;49m▄[0m[48;2;160;68;61m[38;2;255;72;49m▄[0m[48;2;255;72;49m[38;2;160;68;61m▄[0m[48;2;65;64;65m[38;2;65;64;65m▄[0m[48;2;255;72;49m[38;2;255;72;49m▄[0m[48;2;255;72;49m[38;2;255;72;49m▄[0m[48;2;0;0;0m[38;2;0;0;0m▄[0m                  [38;2;0;0;0m▀[0m[48;2;254;74;52m[38;2;0;0;0m▄[0m[48;2;254;74;52m[38;2;255;72;49m▄[0m[48;2;82;82;82m[38;2;255;72;49m▄[0m[48;2;246;246;246m[38;2;65;64;65m▄[0m[48;2;197;236;128m[38;2;255;255;255m▄[0m[48;2;148;214;90m[38;2;65;64;65m▄[0m[48;2;0;0;0m[38;2;0;0;0m▄[0m [48;2;0;0;0m[38;2;0;0;0m▄[0m[48;2;148;214;90m[38;2;148;214;90m▄[0m[48;2;148;214;90m[38;2;148;214;90m▄[0m[48;2;0;0;0m[38;2;0;0;0m▄[0m   
[38;2;0;0;0m▀[0m[48;2;139;174;65m[38;2;0;0;0m▄[0m[48;2;139;174;65m[38;2;139;174;65m▄[0m[48;2;65;64;65m[38;2;65;85;65m▄[0m[48;2;255;72;49m[38;2;246;113;57m▄[0m[48;2;156;64;65m[38;2;255;72;49m▄[0m[48;2;255;72;49m[38;2;156;64;65m▄[0m[48;2;255;72;57m[38;2;156;64;65m▄[0m[48;2;160;68;61m[38;2;255;72;49m▄[0m[48;2;255;72;49m[38;2;255;72;49m▄[0m[48;2;0;0;0m[38;2;0;0;0m▄[0m                    [48;2;0;0;0m[38;2;0;0;0m▄[0m[48;2;255;72;49m[38;2;255;72;49m▄[0m[48;2;255;72;49m[38;2;254;74;52m▄[0m[48;2;65;64;65m[38;2;254;74;52m▄[0m[48;2;255;255;255m[38;2;65;64;65m▄[0m[48;2;65;64;65m[38;2;255;72;49m▄[0m[48;2;255;72;49m[38;2;255;72;49m▄[0m[48;2;0;0;0m[38;2;65;64;65m▄[0m[48;2;148;214;90m[38;2;169;175;142m▄[0m[48;2;148;214;90m[38;2;169;175;142m▄[0m[48;2;0;0;0m[38;2;0;0;0m▄[0m    
 [38;2;0;0;0m▄[0m[48;2;0;0;0m[38;2;139;174;65m▄[0m[48;2;156;99;61m[38;2;65;64;65m▄[0m[48;2;65;85;65m[38;2;156;64;65m▄[0m[48;2;255;72;49m[38;2;156;64;65m▄[0m[48;2;255;72;49m[38;2;255;72;49m▄[0m[48;2;156;64;65m[38;2;255;72;49m▄[0m[48;2;255;72;49m[38;2;255;72;49m▄[0m[48;2;255;72;49m[38;2;255;72;49m▄[0m[48;2;0;0;0m[38;2;0;0;0m▄[0m                     [48;2;0;0;0m[38;2;0;0;0m▄[0m[48;2;254;74;52m[38;2;254;74;52m▄[0m[48;2;254;74;52m[38;2;254;74;52m▄[0m[48;2;160;68;57m[38;2;156;64;65m▄[0m[48;2;255;72;49m[38;2;255;72;49m▄[0m[48;2;255;72;49m[38;2;255;72;57m▄[0m[48;2;65;64;65m[38;2;65;64;65m▄[0m[48;2;255;255;213m[38;2;82;44;43m▄[0m[48;2;0;16;0m[38;2;0;24;32m▄[0m [38;2;0;0;0m▄[0m[38;2;0;0;0m▄[0m  
 [38;2;0;0;0m▀[0m[48;2;139;174;65m[38;2;0;0;0m▄[0m[48;2;65;64;65m[38;2;139;161;82m▄[0m[48;2;156;64;65m[38;2;69;80;49m▄[0m[48;2;156;64;65m[38;2;156;64;65m▄[0m[48;2;156;64;65m[38;2;156;64;65m▄[0m[48;2;156;64;65m[38;2;156;64;65m▄[0m[48;2;255;72;49m[38;2;255;72;49m▄[0m[48;2;255;72;49m[38;2;255;72;49m▄[0m[48;2;255;72;49m[38;2;255;72;49m▄[0m[48;2;0;0;0m[38;2;82;63;46m▄[0m[38;2;0;0;24m▄[0m[38;2;8;0;0m▄[0m[38;2;8;0;0m▄[0m                 [38;2;0;0;0m▀[0m[48;2;254;74;52m[38;2;0;0;0m▄[0m[48;2;254;74;52m[38;2;255;72;49m▄[0m[48;2;255;72;49m[38;2;254;74;52m▄[0m[48;2;255;72;49m[38;2;254;74;52m▄[0m[48;2;160;68;61m[38;2;156;64;65m▄[0m[48;2;65;64;65m[38;2;255;72;49m▄[0m[48;2;246;85;65m[38;2;150;116;112m▄[0m[48;2;82;44;43m[38;2;98;52;49m▄[0m[48;2;0;0;0m[38;2;148;214;90m▄[0m[48;2;148;214;90m[38;2;148;214;90m▄[0m[48;2;148;214;90m[38;2;148;214;90m▄[0m[48;2;0;0;0m[38;2;0;0;0m▄[0m 
  [38;2;0;0;0m▄[0m[48;2;0;0;16m[38;2;139;174;65m▄[0m[48;2;69;80;49m[38;2;65;64;65m▄[0m[48;2;65;64;65m[38;2;156;64;65m▄[0m[48;2;156;64;65m[38;2;156;64;65m▄[0m[48;2;156;64;65m[38;2;156;64;65m▄[0m[48;2;156;64;65m[38;2;156;64;65m▄[0m[48;2;255;72;49m[38;2;134;95;68m▄[0m[48;2;156;64;65m[38;2;74;52;65m▄[0m[48;2;82;63;46m[38;2;148;95;53m▄[0m[48;2;246;190;90m[38;2;148;95;53m▄[0m[48;2;255;190;82m[38;2;246;190;74m▄[0m[48;2;131;95;41m[38;2;246;190;74m▄[0m[48;2;0;0;0m[38;2;131;95;41m▄[0m[38;2;8;0;0m▄[0m                [48;2;0;0;0m[38;2;0;0;0m▄[0m[48;2;255;72;49m[38;2;255;72;49m▄[0m[48;2;254;74;52m[38;2;254;74;52m▄[0m[48;2;254;74;52m[38;2;254;74;52m▄[0m[48;2;255;72;49m[38;2;255;72;49m▄[0m[48;2;255;72;49m[38;2;156;64;65m▄[0m[48;2;98;52;49m[38;2;65;64;65m▄[0m[48;2;255;242;238m[38;2;65;64;65m▄[0m[48;2;197;236;128m[38;2;255;255;255m▄[0m[48;2;148;214;90m[38;2;0;0;0m▄[0m[38;2;0;0;0m▀[0m  
  [38;2;0;0;0m▀[0m[48;2;139;174;65m[38;2;0;0;0m▄[0m[48;2;65;64;65m[38;2;139;174;65m▄[0m[48;2;156;64;65m[38;2;65;64;65m▄[0m[48;2;156;64;65m[38;2;65;64;65m▄[0m[48;2;156;64;65m[38;2;156;64;65m▄[0m[48;2;156;64;65m[38;2;65;64;65m▄[0m[48;2;74;52;65m[38;2;74;60;57m▄[0m[48;2;255;182;74m[38;2;134;103;63m▄[0m[48;2;246;190;74m[38;2;148;95;53m▄[0m[48;2;246;190;74m[38;2;246;190;74m▄[0m[48;2;148;95;53m[38;2;246;190;74m▄[0m[48;2;246;190;74m[38;2;148;95;53m▄[0m[48;2;255;190;82m[38;2;246;190;74m▄[0m[48;2;8;0;0m[38;2;0;0;0m▄[0m               [38;2;0;0;0m▄[0m[48;2;0;0;0m[38;2;254;74;52m▄[0m[48;2;255;72;49m[38;2;254;74;52m▄[0m[48;2;254;74;52m[38;2;156;64;65m▄[0m[48;2;254;74;52m[38;2;255;72;49m▄[0m[48;2;156;64;65m[38;2;254;74;52m▄[0m[48;2;156;64;65m[38;2;254;74;52m▄[0m[48;2;255;72;49m[38;2;255;72;49m▄[0m[48;2;255;72;49m[38;2;255;72;49m▄[0m[48;2;0;0;0m[38;2;84;84;79m▄[0m[48;2;255;255;255m[38;2;0;0;0m▄[0m[48;2;0;0;0m[38;2;148;214;90m▄[0m[48;2;0;0;0m[38;2;148;214;90m▄[0m[38;2;0;0;0m▄[0m
    [48;2;0;0;0m[38;2;0;0;0m▄[0m[48;2;65;64;65m[38;2;137;169;74m▄[0m[48;2;156;64;65m[38;2;68;84;41m▄[0m[48;2;65;64;65m[38;2;65;64;65m▄[0m[48;2;65;64;65m[38;2;246;190;74m▄[0m[48;2;255;190;74m[38;2;249;191;74m▄[0m[48;2;255;190;74m[38;2;249;191;74m▄[0m[48;2;246;190;74m[38;2;249;191;74m▄[0m[48;2;148;95;53m[38;2;249;191;74m▄[0m[48;2;246;190;74m[38;2;148;95;53m▄[0m[48;2;148;95;53m[38;2;246;190;74m▄[0m[48;2;246;190;74m[38;2;148;95;53m▄[0m[48;2;0;0;0m[38;2;65;64;65m▄[0m[38;2;0;0;0m▄[0m              [48;2;0;0;0m[38;2;0;0;0m▄[0m[48;2;254;74;52m[38;2;255;72;49m▄[0m[48;2;254;74;52m[38;2;255;72;49m▄[0m[48;2;156;64;65m[38;2;156;64;65m▄[0m[48;2;255;72;49m[38;2;255;72;49m▄[0m[48;2;254;74;52m[38;2;156;64;65m▄[0m[48;2;254;74;52m[38;2;156;64;65m▄[0m[48;2;160;68;57m[38;2;160;68;57m▄[0m[48;2;65;64;65m[38;2;65;64;65m▄[0m[48;2;255;255;238m[38;2;246;255;246m▄[0m[48;2;169;169;159m[38;2;120;152;115m▄[0m[48;2;148;214;90m[38;2;82;149;106m▄[0m[48;2;148;214;90m[38;2;0;0;0m▄[0m[38;2;0;0;0m▀[0m
     [38;2;0;0;8m▀[0m[48;2;137;169;74m[38;2;0;0;0m▄[0m[48;2;65;64;65m[38;2;69;80;49m▄[0m[48;2;246;190;74m[38;2;69;80;49m▄[0m[48;2;249;191;74m[38;2;246;190;74m▄[0m[48;2;249;191;74m[38;2;246;190;74m▄[0m[48;2;249;191;74m[38;2;148;95;53m▄[0m[48;2;249;191;74m[38;2;246;190;74m▄[0m[48;2;148;95;53m[38;2;134;103;63m▄[0m[48;2;246;190;74m[38;2;255;190;74m▄[0m[48;2;65;64;65m[38;2;65;64;65m▄[0m[48;2;65;64;65m[38;2;255;72;49m▄[0m[48;2;255;72;49m[38;2;254;74;52m▄[0m[48;2;0;0;0m[38;2;254;74;52m▄[0m[48;2;0;0;0m[38;2;255;72;49m▄[0m[38;2;0;0;0m▄[0m          [48;2;0;0;0m[38;2;0;0;0m▄[0m[48;2;255;72;49m[38;2;255;72;49m▄[0m[48;2;255;72;49m[38;2;255;72;49m▄[0m[48;2;156;64;65m[38;2;156;64;65m▄[0m[48;2;255;72;49m[38;2;254;74;52m▄[0m[48;2;255;72;49m[38;2;254;74;52m▄[0m[48;2;255;72;49m[38;2;255;72;49m▄[0m[48;2;255;72;49m[38;2;255;72;49m▄[0m[48;2;255;72;49m[38;2;255;72;49m▄[0m[48;2;255;72;49m[38;2;255;72;49m▄[0m[48;2;57;101;49m[38;2;65;76;57m▄[0m[48;2;120;152;115m[38;2;148;195;95m▄[0m[48;2;0;0;0m[38;2;148;214;90m▄[0m[38;2;0;0;0m▄[0m 
       [38;2;0;0;16m▀[0m[48;2;139;161;82m[38;2;0;0;0m▄[0m[48;2;65;64;65m[38;2;0;0;0m▄[0m[48;2;65;64;65m[38;2;139;174;65m▄[0m[48;2;246;190;74m[38;2;0;0;0m▄[0m[48;2;246;190;74m[38;2;246;190;74m▄[0m[48;2;255;190;74m[38;2;65;64;65m▄[0m[48;2;74;60;57m[38;2;255;72;49m▄[0m[48;2;255;72;49m[38;2;255;72;49m▄[0m[48;2;255;72;49m[38;2;160;68;57m▄[0m[48;2;254;74;52m[38;2;98;52;49m▄[0m[48;2;254;74;52m[38;2;150;116;112m▄[0m[48;2;255;72;49m[38;2;255;72;49m▄[0m[48;2;255;72;49m[38;2;255;72;49m▄[0m[48;2;0;0;0m[38;2;180;170;74m▄[0m[38;2;0;0;0m▄[0m      [38;2;0;0;0m▄[0m[48;2;0;0;0m[38;2;255;72;49m▄[0m[48;2;255;72;49m[38;2;255;72;49m▄[0m[48;2;255;72;49m[38;2;255;72;49m▄[0m[48;2;156;64;65m[38;2;254;74;52m▄[0m[48;2;255;72;49m[38;2;254;74;52m▄[0m[48;2;254;74;52m[38;2;255;72;49m▄[0m[48;2;254;74;52m[38;2;156;64;65m▄[0m[48;2;255;72;49m[38;2;65;64;65m▄[0m[48;2;65;64;65m[38;2;65;64;65m▄[0m[48;2;65;64;65m[38;2;246;255;255m▄[0m[48;2;65;64;65m[38;2;246;255;255m▄[0m[48;2;189;255;115m[38;2;82;149;106m▄[0m[48;2;148;195;95m[38;2;0;0;0m▄[0m[48;2;148;214;90m[38;2;0;0;0m▄[0m[38;2;0;0;0m▀[0m 
          [48;2;0;0;0m[38;2;0;0;0m▄[0m[48;2;0;0;0m[38;2;246;190;74m▄[0m[48;2;246;190;74m[38;2;65;64;65m▄[0m[48;2;65;64;65m[38;2;255;72;49m▄[0m[48;2;255;72;49m[38;2;255;72;49m▄[0m[48;2;255;72;49m[38;2;74;48;49m▄[0m[48;2;65;64;65m[38;2;148;80;82m▄[0m[48;2;255;242;238m[38;2;255;255;255m▄[0m[48;2;98;52;49m[38;2;255;255;255m▄[0m[48;2;255;72;49m[38;2;57;80;65m▄[0m[48;2;148;214;90m[38;2;178;118;65m▄[0m[48;2;180;170;74m[38;2;254;74;52m▄[0m[48;2;180;170;74m[38;2;254;74;52m▄[0m[48;2;0;0;0m[38;2;65;64;65m▄[0m[48;2;0;0;0m[38;2;255;72;49m▄[0m[38;2;0;0;0m▄[0m[38;2;0;0;0m▄[0m[48;2;0;0;0m[38;2;156;64;65m▄[0m[48;2;0;0;0m[38;2;255;72;49m▄[0m[48;2;255;72;49m[38;2;254;74;52m▄[0m[48;2;255;72;49m[38;2;254;74;52m▄[0m[48;2;255;72;49m[38;2;156;64;65m▄[0m[48;2;156;64;65m[38;2;255;72;49m▄[0m[48;2;254;74;52m[38;2;255;72;49m▄[0m[48;2;254;74;52m[38;2;156;64;65m▄[0m[48;2;255;72;49m[38;2;156;64;65m▄[0m[48;2;255;72;49m[38;2;255;72;49m▄[0m[48;2;255;72;49m[38;2;255;72;49m▄[0m[48;2;255;72;49m[38;2;255;72;49m▄[0m[48;2;41;72;57m[38;2;65;64;65m▄[0m[48;2;109;133;123m[38;2;148;214;90m▄[0m[48;2;0;0;0m[38;2;148;214;90m▄[0m[38;2;0;0;0m▄[0m   
          [48;2;0;0;0m[38;2;0;0;0m▄[0m[48;2;246;190;74m[38;2;246;190;74m▄[0m[48;2;246;190;74m[38;2;148;95;53m▄[0m[48;2;65;64;65m[38;2;246;190;74m▄[0m[48;2;65;64;65m[38;2;246;190;74m▄[0m[48;2;74;48;49m[38;2;74;58;46m▄[0m[48;2;0;16;16m[38;2;74;58;46m▄[0m[48;2;255;255;255m[38;2;65;64;65m▄[0m[48;2;65;64;65m[38;2;156;64;65m▄[0m[48;2;57;80;65m[38;2;156;64;65m▄[0m[48;2;238;137;65m[38;2;65;64;65m▄[0m[48;2;254;74;52m[38;2;254;74;52m▄[0m[48;2;254;74;52m[38;2;254;74;52m▄[0m[48;2;255;72;49m[38;2;254;74;52m▄[0m[48;2;65;64;65m[38;2;254;74;52m▄[0m[48;2;246;80;65m[38;2;254;74;52m▄[0m[48;2;164;53;43m[38;2;254;74;52m▄[0m[48;2;255;72;49m[38;2;255;72;49m▄[0m[48;2;255;72;49m[38;2;156;64;65m▄[0m[48;2;254;74;52m[38;2;255;72;49m▄[0m[48;2;254;74;52m[38;2;255;72;49m▄[0m[48;2;255;72;49m[38;2;255;64;49m▄[0m[48;2;255;72;49m[38;2;164;82;65m▄[0m[48;2;255;72;49m[38;2;65;64;65m▄[0m[48;2;255;72;49m[38;2;65;64;65m▄[0m[48;2;255;72;49m[38;2;98;143;86m▄[0m[48;2;156;64;65m[38;2;139;218;98m▄[0m[48;2;65;64;65m[38;2;148;214;90m▄[0m[48;2;65;64;65m[38;2;0;0;0m▄[0m[48;2;148;214;90m[38;2;0;0;0m▄[0m[48;2;148;214;90m[38;2;0;0;0m▄[0m[48;2;148;214;90m[38;2;0;0;0m▄[0m[38;2;0;0;0m▀[0m   
        [38;2;0;0;0m▄[0m[48;2;0;0;0m[38;2;246;190;74m▄[0m[48;2;246;190;74m[38;2;246;190;74m▄[0m[48;2;246;190;74m[38;2;246;190;74m▄[0m[48;2;246;190;74m[38;2;65;64;65m▄[0m[48;2;246;190;74m[38;2;65;64;65m▄[0m[48;2;148;95;53m[38;2;222;153;82m▄[0m[48;2;222;157;90m[38;2;0;0;0m▄[0m[38;2;0;8;24m▀[0m[48;2;156;64;65m[38;2;0;0;0m▄[0m[48;2;156;64;65m[38;2;156;64;65m▄[0m[48;2;156;64;65m[38;2;131;52;49m▄[0m[48;2;65;64;65m[38;2;172;114;104m▄[0m[48;2;254;74;52m[38;2;255;72;49m▄[0m[48;2;254;74;52m[38;2;255;72;49m▄[0m[48;2;254;74;52m[38;2;255;72;49m▄[0m[48;2;254;74;52m[38;2;255;250;230m▄[0m[48;2;254;74;52m[38;2;255;250;230m▄[0m[48;2;254;74;52m[38;2;254;178;197m▄[0m[48;2;156;64;65m[38;2;172;114;104m▄[0m[48;2;255;72;49m[38;2;131;52;49m▄[0m[48;2;156;64;65m[38;2;65;64;65m▄[0m[48;2;255;72;49m[38;2;65;64;65m▄[0m[48;2;74;101;82m[38;2;222;145;90m▄[0m[48;2;74;101;82m[38;2;65;56;74m▄[0m[48;2;78;149;106m[38;2;65;64;65m▄[0m[48;2;78;149;106m[38;2;65;64;65m▄[0m[48;2;57;68;74m[38;2;65;64;65m▄[0m[48;2;57;68;74m[38;2;222;153;82m▄[0m[48;2;0;0;0m[38;2;222;157;90m▄[0m[38;2;0;8;24m▄[0m       
       [48;2;0;0;0m[38;2;0;0;0m▄[0m[48;2;246;190;74m[38;2;246;190;74m▄[0m[48;2;246;190;74m[38;2;0;0;0m▄[0m[38;2;0;0;0m▀[0m[48;2;65;64;65m[38;2;0;4;8m▄[0m[48;2;65;64;65m[38;2;74;53;35m▄[0m[48;2;65;64;65m[38;2;222;153;82m▄[0m[48;2;222;153;82m[38;2;0;0;0m▄[0m[38;2;0;0;0m▀[0m [38;2;0;0;0m▀[0m[48;2;156;64;65m[38;2;0;0;0m▄[0m[48;2;131;52;49m[38;2;252;250;230m▄[0m[48;2;255;238;213m[38;2;252;250;230m▄[0m[48;2;255;72;49m[38;2;252;250;230m▄[0m[48;2;255;178;197m[38;2;252;250;230m▄[0m[48;2;255;250;230m[38;2;252;250;230m▄[0m[48;2;255;250;230m[38;2;252;250;230m▄[0m[48;2;255;250;230m[38;2;252;250;230m▄[0m[48;2;255;250;230m[38;2;252;250;230m▄[0m[48;2;255;238;213m[38;2;255;250;230m▄[0m[48;2;131;52;49m[38;2;197;198;169m▄[0m[48;2;222;153;82m[38;2;65;60;65m▄[0m[48;2;222;153;82m[38;2;143;103;74m▄[0m[48;2;143;101;82m[38;2;224;152;79m▄[0m[48;2;143;101;82m[38;2;224;152;79m▄[0m[48;2;222;153;82m[38;2;139;93;90m▄[0m[48;2;222;153;82m[38;2;139;93;90m▄[0m[48;2;222;153;82m[38;2;139;93;90m▄[0m[48;2;65;64;65m[38;2;255;190;74m▄[0m[48;2;74;58;46m[38;2;246;190;74m▄[0m[48;2;74;58;46m[38;2;246;190;74m▄[0m[48;2;0;0;0m[38;2;249;190;71m▄[0m[48;2;0;0;0m[38;2;255;255;180m▄[0m[38;2;0;0;0m▄[0m[38;2;0;0;0m▄[0m   
       [38;2;0;0;0m▀[0m[38;2;0;0;0m▀[0m  [38;2;0;4;8m▀[0m[48;2;222;153;90m[38;2;0;0;0m▄[0m[38;2;0;0;0m▀[0m    [48;2;0;0;0m[38;2;0;0;0m▄[0m[48;2;252;250;230m[38;2;255;250;230m▄[0m[48;2;252;250;230m[38;2;255;250;230m▄[0m[48;2;252;250;230m[38;2;252;250;230m▄[0m[48;2;252;250;230m[38;2;252;250;230m▄[0m[48;2;252;250;230m[38;2;252;250;230m▄[0m[48;2;252;250;230m[38;2;252;250;230m▄[0m[48;2;252;250;230m[38;2;255;250;230m▄[0m[48;2;252;250;230m[38;2;255;250;230m▄[0m[48;2;255;250;230m[38;2;194;198;169m▄[0m[48;2;197;198;169m[38;2;194;198;169m▄[0m[48;2;65;60;65m[38;2;65;64;65m▄[0m[48;2;222;145;82m[38;2;222;153;82m▄[0m[48;2;224;152;79m[38;2;222;153;82m▄[0m[48;2;224;152;79m[38;2;139;94;87m▄[0m[48;2;216;155;79m[38;2;134;103;76m▄[0m[48;2;255;186;74m[38;2;255;190;82m▄[0m[48;2;255;190;74m[38;2;246;190;74m▄[0m[48;2;216;157;79m[38;2;246;190;74m▄[0m[48;2;224;152;79m[38;2;197;191;126m▄[0m[48;2;224;152;79m[38;2;255;255;164m▄[0m[48;2;255;255;180m[38;2;139;95;87m▄[0m[48;2;255;255;180m[38;2;139;95;87m▄[0m[48;2;255;255;180m[38;2;139;93;90m▄[0m[48;2;255;255;180m[38;2;0;0;0m▄[0m[38;2;0;0;0m▀[0m  
               [38;2;0;0;0m▄[0m[38;2;0;0;0m▄[0m  [38;2;0;0;0m▀[0m[48;2;255;250;230m[38;2;0;0;0m▄[0m[48;2;252;250;230m[38;2;63;66;68m▄[0m[48;2;252;250;230m[38;2;189;198;189m▄[0m[48;2;252;250;230m[38;2;197;194;164m▄[0m[48;2;252;250;230m[38;2;109;105;98m▄[0m[48;2;255;250;230m[38;2;197;198;172m▄[0m[48;2;197;198;169m[38;2;197;198;172m▄[0m[48;2;194;198;169m[38;2;197;198;172m▄[0m[48;2;194;198;169m[38;2;65;64;65m▄[0m[48;2;65;64;65m[38;2;222;153;82m▄[0m[48;2;222;153;82m[38;2;222;153;82m▄[0m[48;2;222;153;82m[38;2;143;101;82m▄[0m[48;2;222;153;82m[38;2;143;101;82m▄[0m[48;2;194;147;79m[38;2;222;153;82m▄[0m[48;2;74;60;74m[38;2;222;153;82m▄[0m[48;2;65;64;65m[38;2;224;152;79m▄[0m[48;2;65;64;65m[38;2;224;152;79m▄[0m[48;2;82;64;49m[38;2;65;64;65m▄[0m[48;2;255;255;164m[38;2;65;64;65m▄[0m[48;2;255;255;180m[38;2;65;64;65m▄[0m[48;2;255;255;180m[38;2;0;0;0m▄[0m[38;2;0;0;0m▀[0m    
              [48;2;0;0;0m[38;2;0;0;0m▄[0m[48;2;63;67;79m[38;2;189;190;205m▄[0m[48;2;126;134;159m[38;2;106;101;106m▄[0m[48;2;0;0;0m[38;2;123;133;164m▄[0m[48;2;0;0;0m[38;2;102;93;94m▄[0m[48;2;0;0;0m[38;2;131;137;156m▄[0m[48;2;123;133;164m[38;2;49;51;52m▄[0m[48;2;126;132;128m[38;2;0;0;0m▄[0m[38;2;0;0;8m▀[0m[48;2;65;60;65m[38;2;0;4;8m▄[0m[48;2;65;60;65m[38;2;222;153;90m▄[0m[48;2;65;64;65m[38;2;213;161;115m▄[0m[48;2;197;198;172m[38;2;65;68;82m▄[0m[48;2;197;198;172m[38;2;123;133;164m▄[0m[48;2;65;64;65m[38;2;65;64;65m▄[0m[48;2;139;94;87m[38;2;222;149;82m▄[0m[48;2;222;153;82m[38;2;143;105;78m▄[0m[48;2;222;145;90m[38;2;246;190;74m▄[0m[48;2;65;56;74m[38;2;246;190;74m▄[0m[48;2;74;56;38m[38;2;0;0;0m▄[0m[38;2;0;8;16m▀[0m[48;2;224;152;79m[38;2;0;0;0m▄[0m[48;2;224;152;79m[38;2;0;0;0m▄[0m[48;2;246;190;74m[38;2;246;190;74m▄[0m[48;2;246;190;74m[38;2;246;190;74m▄[0m[48;2;65;64;65m[38;2;249;190;71m▄[0m[48;2;0;0;0m[38;2;255;255;180m▄[0m[38;2;0;0;0m▄[0m    
              [38;2;0;0;0m▀[0m[38;2;65;56;57m▀[0m[48;2;189;190;205m[38;2;0;0;0m▄[0m[48;2;102;93;94m[38;2;0;0;0m▄[0m[48;2;123;133;164m[38;2;65;64;65m▄[0m[48;2;90;94;104m[38;2;189;194;213m▄[0m[48;2;8;8;0m[38;2;0;0;0m▄[0m [38;2;0;0;0m▄[0m[48;2;0;4;8m[38;2;82;76;82m▄[0m[48;2;74;53;35m[38;2;137;136;139m▄[0m[48;2;65;68;82m[38;2;93;91;98m▄[0m[48;2;139;115;98m[38;2;131;137;164m▄[0m[48;2;123;133;164m[38;2;123;133;164m▄[0m[48;2;123;133;164m[38;2;123;133;164m▄[0m[48;2;65;60;74m[38;2;131;137;164m▄[0m[48;2;222;149;82m[38;2;74;64;65m▄[0m[48;2;137;95;90m[38;2;137;95;90m▄[0m[48;2;246;190;74m[38;2;246;190;74m▄[0m[48;2;246;190;74m[38;2;249;191;74m▄[0m[48;2;0;0;0m[38;2;249;191;74m▄[0m[38;2;0;0;0m▄[0m [38;2;0;0;0m▀[0m[38;2;0;0;0m▀[0m[48;2;255;255;180m[38;2;0;0;0m▄[0m[48;2;255;255;180m[38;2;0;0;0m▄[0m[48;2;255;255;180m[38;2;0;0;0m▄[0m[38;2;0;0;0m▀[0m   
                  [38;2;0;0;0m▀[0m[38;2;0;0;0m▀[0m [38;2;0;0;0m▄[0m[48;2;0;0;0m[38;2;222;153;82m▄[0m[48;2;246;255;255m[38;2;65;64;65m▄[0m[48;2;82;76;82m[38;2;0;0;0m▄[0m[48;2;74;68;65m[38;2;82;82;82m▄[0m[48;2;93;91;98m[38;2;246;246;246m▄[0m[48;2;65;64;65m[38;2;65;64;65m▄[0m[48;2;123;133;164m[38;2;65;64;65m▄[0m[48;2;93;89;98m[38;2;255;255;255m▄[0m[48;2;74;64;65m[38;2;0;0;0m▄[0m[48;2;246;190;74m[38;2;246;190;74m▄[0m[48;2;137;95;90m[38;2;246;190;74m▄[0m[48;2;249;191;74m[38;2;139;93;90m▄[0m[48;2;249;191;74m[38;2;0;0;0m▄[0m[38;2;0;0;0m▀[0m          
                     [38;2;0;0;0m▀[0m[48;2;222;153;82m[38;2;0;0;0m▄[0m[38;2;0;0;0m▀[0m [48;2;0;0;0m[38;2;0;0;0m▄[0m[48;2;82;82;82m[38;2;222;153;82m▄[0m[48;2;222;153;82m[38;2;222;153;82m▄[0m[48;2;65;64;65m[38;2;0;0;0m▄[0m[38;2;0;0;0m▀[0m [48;2;0;0;0m[38;2;0;0;0m▄[0m[48;2;246;190;74m[38;2;255;255;180m▄[0m[48;2;0;0;0m[38;2;255;255;180m▄[0m[38;2;0;0;0m▄[0m           
                          [48;2;0;0;0m[38;2;0;0;0m▄[0m[48;2;222;153;82m[38;2;222;153;82m▄[0m[48;2;222;153;82m[38;2;222;153;82m▄[0m[48;2;0;0;0m[38;2;0;0;0m▄[0m  [38;2;0;0;0m▀[0m[48;2;255;255;180m[38;2;0;0;0m▄[0m[38;2;0;0;0m▀[0m           
                           [38;2;0;0;0m▀[0m[38;2;0;0;0m▀[0m                 