       [38;2;0;0;0m▄[0m[48;2;0;0;0m[38;2;115;189;65m▄[0m[48;2;0;0;0m[38;2;115;189;65m▄[0m[38;2;0;0;0m▄[0m[38;2;0;0;0m▄[0m[38;2;0;0;0m▄[0m        
      [48;2;0;0;0m[38;2;0;0;0m▄[0m[48;2;164;222;57m[38;2;164;222;57m▄[0m[48;2;164;222;57m[38;2;90;164;74m▄[0m[48;2;65;139;74m[38;2;164;222;57m▄[0m[48;2;164;222;57m[38;2;164;222;57m▄[0m[48;2;164;222;57m[38;2;164;222;57m▄[0m[48;2;65;139;74m[38;2;164;222;57m▄[0m[48;2;0;0;0m[38;2;0;0;0m▄[0m       
 [38;2;0;0;0m▄[0m[38;2;0;0;0m▄[0m  [48;2;0;0;0m[38;2;0;0;0m▄[0m[48;2;213;189;90m[38;2;213;189;90m▄[0m[48;2;164;222;57m[38;2;164;222;57m▄[0m[48;2;90;164;74m[38;2;90;164;74m▄[0m[48;2;164;222;57m[38;2;164;222;57m▄[0m[48;2;164;222;57m[38;2;115;189;65m▄[0m[48;2;164;222;57m[38;2;0;0;0m▄[0m[48;2;115;189;65m[38;2;213;189;90m▄[0m[48;2;0;0;0m[38;2;115;189;65m▄[0m[38;2;0;0;0m▄[0m      
[48;2;0;0;0m[38;2;0;0;0m▄[0m[48;2;115;189;65m[38;2;90;164;74m▄[0m[48;2;0;0;0m[38;2;65;139;74m▄[0m[38;2;0;0;0m▄[0m[38;2;0;0;0m▄[0m[48;2;0;0;0m[38;2;164;222;57m▄[0m[48;2;90;164;74m[38;2;164;222;57m▄[0m[48;2;164;222;57m[38;2;164;222;57m▄[0m[48;2;164;222;57m[38;2;164;222;57m▄[0m[48;2;115;189;65m[38;2;115;189;65m▄[0m[48;2;255;255;255m[38;2;246;230;41m▄[0m[48;2;65;65;65m[38;2;0;0;0m▄[0m[48;2;246;230;41m[38;2;246;230;41m▄[0m[48;2;115;189;65m[38;2;90;164;74m▄[0m[48;2;0;0;0m[38;2;0;0;0m▄[0m      
[38;2;0;0;0m▀[0m[48;2;65;65;65m[38;2;0;0;0m▄[0m[48;2;90;164;74m[38;2;0;0;0m▄[0m[48;2;90;164;74m[38;2;0;0;0m▄[0m[48;2;65;65;65m[38;2;90;164;74m▄[0m[48;2;164;222;57m[38;2;65;65;65m▄[0m[48;2;164;222;57m[38;2;164;222;57m▄[0m[48;2;115;189;65m[38;2;164;222;57m▄[0m[48;2;164;222;57m[38;2;164;222;57m▄[0m[48;2;164;222;57m[38;2;90;164;74m▄[0m[48;2;164;222;57m[38;2;230;90;106m▄[0m[48;2;246;230;41m[38;2;230;90;106m▄[0m[48;2;90;164;74m[38;2;0;0;0m▄[0m[38;2;0;0;0m▀[0m  [38;2;0;0;0m▄[0m[48;2;0;0;0m[38;2;164;222;57m▄[0m[48;2;0;0;0m[38;2;65;65;65m▄[0m[38;2;0;0;0m▄[0m 
    [38;2;0;0;0m▀[0m[38;2;0;0;0m▀[0m[38;2;0;0;0m▀[0m[48;2;90;164;74m[38;2;0;0;0m▄[0m[48;2;90;164;74m[38;2;180;82;106m▄[0m[48;2;230;90;106m[38;2;90;164;74m▄[0m[48;2;180;82;106m[38;2;90;164;74m▄[0m[48;2;90;164;74m[38;2;65;65;65m▄[0m[48;2;0;0;0m[38;2;90;164;74m▄[0m[48;2;0;0;0m[38;2;115;189;65m▄[0m[48;2;0;0;0m[38;2;164;222;57m▄[0m[48;2;65;65;65m[38;2;164;222;57m▄[0m[48;2;164;222;57m[38;2;164;222;57m▄[0m[48;2;164;222;57m[38;2;65;139;74m▄[0m[48;2;65;139;74m[38;2;0;0;0m▄[0m[48;2;115;189;65m[38;2;0;0;0m▄[0m[38;2;0;0;0m▀[0m
      [38;2;0;0;0m▄[0m[48;2;0;0;0m[38;2;180;82;106m▄[0m[48;2;238;139;148m[38;2;238;139;148m▄[0m[48;2;230;90;106m[38;2;238;139;148m▄[0m[48;2;115;189;65m[38;2;230;90;106m▄[0m[48;2;65;65;65m[38;2;115;189;65m▄[0m[48;2;65;65;65m[38;2;0;0;0m▄[0m[38;2;0;0;0m▀[0m[38;2;0;0;0m▀[0m[38;2;0;0;0m▀[0m[38;2;0;0;0m▀[0m[38;2;0;0;0m▀[0m[38;2;0;0;0m▄[0m[38;2;0;0;0m▄[0m 
      [48;2;0;0;0m[38;2;0;0;0m▄[0m[48;2;238;139;148m[38;2;180;82;106m▄[0m[48;2;238;139;148m[38;2;180;82;106m▄[0m[48;2;230;90;106m[38;2;230;90;106m▄[0m[48;2;180;82;106m[38;2;180;82;106m▄[0m[48;2;115;189;65m[38;2;115;189;65m▄[0m[48;2;65;65;65m[38;2;65;65;65m▄[0m[48;2;0;0;0m[38;2;65;65;65m▄[0m[48;2;0;0;0m[38;2;65;139;74m▄[0m[48;2;0;0;0m[38;2;65;139;74m▄[0m[48;2;0;0;0m[38;2;90;197;98m▄[0m[48;2;0;0;0m[38;2;65;139;74m▄[0m[48;2;90;197;98m[38;2;65;139;74m▄[0m[48;2;65;139;74m[38;2;90;197;98m▄[0m[48;2;0;0;0m[38;2;0;0;0m▄[0m
     [48;2;0;0;0m[38;2;0;0;0m▄[0m[48;2;65;65;65m[38;2;115;189;65m▄[0m[48;2;65;65;65m[38;2;90;164;74m▄[0m[48;2;230;90;106m[38;2;65;65;65m▄[0m[48;2;180;82;106m[38;2;0;0;0m▄[0m[48;2;115;189;65m[38;2;0;0;0m▄[0m[48;2;65;139;74m[38;2;90;164;74m▄[0m[48;2;90;164;74m[38;2;90;164;74m▄[0m[48;2;0;0;0m[38;2;0;0;0m▄[0m[38;2;0;0;0m▀[0m[48;2;65;139;74m[38;2;0;0;0m▄[0m[48;2;65;139;74m[38;2;0;0;0m▄[0m[48;2;90;197;98m[38;2;0;0;0m▄[0m[48;2;90;197;98m[38;2;0;0;0m▄[0m[38;2;0;0;0m▀[0m 
      [38;2;0;0;0m▀[0m[38;2;0;0;0m▀[0m[38;2;0;0;0m▀[0m [48;2;0;0;0m[38;2;0;0;0m▄[0m[48;2;90;164;74m[38;2;164;222;57m▄[0m[48;2;115;189;65m[38;2;65;65;65m▄[0m[48;2;90;164;74m[38;2;164;222;57m▄[0m[48;2;0;0;0m[38;2;0;0;0m▄[0m      
           [38;2;0;0;0m▀[0m[38;2;0;0;0m▀[0m[38;2;0;0;0m▀[0m       