  [38;2;0;0;0m▄[0m[38;2;0;0;0m▄[0m[48;2;0;0;0m[38;2;82;156;90m▄[0m[48;2;0;0;0m[38;2;115;197;99m▄[0m[48;2;0;0;0m[38;2;115;197;99m▄[0m[48;2;0;0;0m[38;2;115;197;99m▄[0m[48;2;0;0;0m[38;2;82;156;90m▄[0m[38;2;0;0;0m▄[0m[38;2;0;0;0m▄[0m            
[38;2;0;0;0m▄[0m[48;2;0;0;0m[38;2;115;197;99m▄[0m[48;2;82;156;90m[38;2;148;214;132m▄[0m[48;2;148;214;132m[38;2;148;214;132m▄[0m[48;2;148;214;132m[38;2;148;214;132m▄[0m[48;2;115;197;99m[38;2;115;197;99m▄[0m[48;2;115;197;99m[38;2;115;197;99m▄[0m[48;2;115;197;99m[38;2;115;197;99m▄[0m[48;2;115;197;99m[38;2;115;197;99m▄[0m[48;2;115;197;99m[38;2;115;197;99m▄[0m[48;2;82;156;90m[38;2;115;197;99m▄[0m[48;2;0;0;0m[38;2;82;156;90m▄[0m[38;2;0;0;0m▄[0m          
[48;2;0;0;0m[38;2;0;0;0m▄[0m[48;2;115;197;99m[38;2;82;156;90m▄[0m[48;2;148;214;132m[38;2;115;197;99m▄[0m[48;2;148;214;132m[38;2;115;197;99m▄[0m[48;2;115;197;99m[38;2;115;197;99m▄[0m[48;2;115;197;99m[38;2;115;197;99m▄[0m[48;2;115;197;99m[38;2;115;197;99m▄[0m[48;2;115;197;99m[38;2;115;197;99m▄[0m[48;2;115;197;99m[38;2;115;197;99m▄[0m[48;2;115;197;99m[38;2;82;156;90m▄[0m[48;2;115;197;99m[38;2;66;115;74m▄[0m[48;2;82;156;90m[38;2;66;115;74m▄[0m[48;2;82;156;90m[38;2;82;156;90m▄[0m[48;2;0;0;0m[38;2;0;0;0m▄[0m         
 [38;2;0;0;0m▀[0m[48;2;82;156;90m[38;2;0;0;0m▄[0m[48;2;115;197;99m[38;2;65;65;65m▄[0m[48;2;115;197;99m[38;2;65;65;65m▄[0m[48;2;115;197;99m[38;2;82;156;90m▄[0m[48;2;115;197;99m[38;2;115;197;99m▄[0m[48;2;115;197;99m[38;2;82;156;90m▄[0m[48;2;82;156;90m[38;2;66;115;74m▄[0m[48;2;181;58;66m[38;2;255;148;165m▄[0m[48;2;230;82;82m[38;2;0;0;0m▄[0m[48;2;181;58;66m[38;2;230;82;82m▄[0m[48;2;66;115;74m[38;2;65;65;65m▄[0m[48;2;82;156;90m[38;2;82;156;90m▄[0m[48;2;0;0;0m[38;2;0;0;0m▄[0m  [38;2;0;0;0m▄[0m[38;2;0;0;0m▄[0m[48;2;0;0;0m[38;2;214;197;123m▄[0m[38;2;0;0;0m▄[0m  
 [38;2;0;0;0m▄[0m[48;2;0;0;0m[38;2;189;165;90m▄[0m[48;2;214;197;123m[38;2;255;255;255m▄[0m[48;2;214;197;123m[38;2;230;222;156m▄[0m[48;2;65;65;65m[38;2;214;197;123m▄[0m[48;2;0;0;0m[38;2;255;255;255m▄[0m[48;2;0;0;0m[38;2;0;0;0m▄[0m[48;2;65;65;65m[38;2;189;165;90m▄[0m[48;2;181;58;66m[38;2;65;65;65m▄[0m[48;2;230;82;82m[38;2;65;65;65m▄[0m[48;2;181;58;66m[38;2;66;115;74m▄[0m[48;2;65;65;65m[38;2;0;0;0m▄[0m[48;2;82;156;90m[38;2;0;0;0m▄[0m[38;2;0;0;0m▀[0m [48;2;0;0;0m[38;2;0;0;0m▄[0m[48;2;82;156;90m[38;2;66;115;74m▄[0m[48;2;65;65;65m[38;2;65;65;65m▄[0m[48;2;214;197;123m[38;2;65;65;65m▄[0m[48;2;0;0;0m[38;2;82;156;90m▄[0m[48;2;0;0;0m[38;2;115;197;99m▄[0m[38;2;0;0;0m▄[0m
 [48;2;0;0;0m[38;2;0;0;0m▄[0m[48;2;255;255;255m[38;2;230;222;156m▄[0m[48;2;230;222;156m[38;2;189;165;90m▄[0m[48;2;230;222;156m[38;2;0;0;0m▄[0m[48;2;230;222;156m[38;2;156;132;66m▄[0m[48;2;0;0;0m[38;2;214;197;123m▄[0m[48;2;65;65;65m[38;2;214;197;123m▄[0m[48;2;214;197;123m[38;2;214;197;123m▄[0m[48;2;214;197;123m[38;2;214;197;123m▄[0m[48;2;189;165;90m[38;2;0;0;0m▄[0m[38;2;0;0;0m▀[0m     [48;2;0;0;0m[38;2;0;0;0m▄[0m[48;2;148;214;132m[38;2;115;197;99m▄[0m[48;2;115;197;99m[38;2;115;197;99m▄[0m[48;2;66;115;74m[38;2;0;0;0m▄[0m[48;2;82;156;90m[38;2;0;0;0m▄[0m[38;2;0;0;0m▀[0m
  [38;2;0;0;0m▀[0m[38;2;0;0;0m▀[0m [38;2;0;0;0m▀[0m[48;2;0;0;0m[38;2;0;0;0m▄[0m[48;2;214;197;123m[38;2;230;222;156m▄[0m[48;2;214;197;123m[38;2;230;222;156m▄[0m[48;2;189;165;90m[38;2;214;197;123m▄[0m[48;2;0;0;0m[38;2;189;165;90m▄[0m[48;2;0;0;0m[38;2;156;132;66m▄[0m[38;2;0;0;0m▄[0m     [48;2;0;0;0m[38;2;0;0;0m▄[0m[48;2;65;65;65m[38;2;230;222;156m▄[0m[48;2;0;0;0m[38;2;0;0;0m▄[0m  
    [38;2;0;0;0m▄[0m[48;2;0;0;0m[38;2;230;222;156m▄[0m[48;2;156;132;66m[38;2;230;222;156m▄[0m[48;2;230;222;156m[38;2;230;222;156m▄[0m[48;2;230;222;156m[38;2;230;222;156m▄[0m[48;2;189;165;90m[38;2;156;132;66m▄[0m[48;2;214;197;123m[38;2;189;165;90m▄[0m[48;2;214;197;123m[38;2;214;197;123m▄[0m[48;2;214;197;123m[38;2;230;222;156m▄[0m[48;2;0;0;0m[38;2;0;0;0m▄[0m  [38;2;0;0;0m▄[0m[48;2;0;0;0m[38;2;230;222;156m▄[0m[48;2;230;222;156m[38;2;230;222;156m▄[0m[48;2;230;222;156m[38;2;0;0;0m▄[0m[38;2;0;0;0m▀[0m  
  [38;2;0;0;0m▄[0m[48;2;0;0;0m[38;2;230;82;82m▄[0m[48;2;0;0;0m[38;2;181;58;66m▄[0m[48;2;230;222;156m[38;2;65;65;65m▄[0m[48;2;230;222;156m[38;2;65;65;65m▄[0m[48;2;65;65;65m[38;2;65;65;65m▄[0m[48;2;230;222;156m[38;2;230;222;156m▄[0m[48;2;230;222;156m[38;2;230;222;156m▄[0m[48;2;65;65;65m[38;2;65;65;65m▄[0m[48;2;65;65;65m[38;2;66;115;74m▄[0m[48;2;65;65;65m[38;2;82;156;90m▄[0m[48;2;65;65;65m[38;2;65;65;65m▄[0m[48;2;0;0;0m[38;2;189;165;90m▄[0m[48;2;0;0;0m[38;2;214;197;123m▄[0m[48;2;230;222;156m[38;2;214;197;123m▄[0m[48;2;230;222;156m[38;2;189;165;90m▄[0m[48;2;189;165;90m[38;2;0;0;0m▄[0m[38;2;0;0;0m▀[0m   
  [38;2;0;0;0m▀[0m[48;2;230;82;82m[38;2;0;0;0m▄[0m[48;2;65;65;65m[38;2;66;115;74m▄[0m[48;2;82;156;90m[38;2;66;115;74m▄[0m[48;2;82;156;90m[38;2;82;156;90m▄[0m[48;2;66;115;74m[38;2;82;156;90m▄[0m[48;2;65;65;65m[38;2;65;65;65m▄[0m[48;2;230;82;82m[38;2;230;82;82m▄[0m[48;2;230;82;82m[38;2;65;65;65m▄[0m[48;2;66;115;74m[38;2;115;197;99m▄[0m[48;2;82;156;90m[38;2;115;197;99m▄[0m[48;2;66;115;74m[38;2;82;156;90m▄[0m[48;2;65;65;65m[38;2;65;65;65m▄[0m[48;2;189;165;90m[38;2;0;0;0m▄[0m[48;2;189;165;90m[38;2;0;0;0m▄[0m[38;2;0;0;0m▀[0m     
  [38;2;0;0;0m▄[0m[48;2;0;0;0m[38;2;230;82;82m▄[0m[48;2;82;156;90m[38;2;181;58;66m▄[0m[48;2;82;156;90m[38;2;65;65;65m▄[0m[48;2;0;0;0m[38;2;0;0;0m▄[0m[38;2;0;0;0m▀[0m[48;2;66;115;74m[38;2;0;0;0m▄[0m[48;2;65;65;65m[38;2;0;0;0m▄[0m[48;2;66;115;74m[38;2;0;0;0m▄[0m[48;2;115;197;99m[38;2;82;156;90m▄[0m[48;2;115;197;99m[38;2;82;156;90m▄[0m[48;2;82;156;90m[38;2;65;65;65m▄[0m[48;2;0;0;0m[38;2;0;0;0m▄[0m        
  [38;2;0;0;0m▀[0m[38;2;0;0;0m▀[0m[38;2;0;0;0m▀[0m[38;2;0;0;0m▀[0m    [38;2;0;0;0m▀[0m[48;2;65;65;65m[38;2;0;0;0m▄[0m[48;2;181;58;66m[38;2;230;82;82m▄[0m[48;2;65;65;65m[38;2;0;0;0m▄[0m[48;2;181;58;66m[38;2;230;82;82m▄[0m[48;2;0;0;0m[38;2;0;0;0m▄[0m       
           [38;2;0;0;0m▀[0m[38;2;0;0;0m▀[0m [38;2;0;0;0m▀[0m[38;2;0;0;0m▀[0m       