           [38;2;0;0;0m▄[0m[38;2;0;0;0m▄[0m[38;2;0;0;0m▄[0m[48;2;0;0;0m[38;2;82;154;206m▄[0m[48;2;0;0;0m[38;2;82;154;206m▄[0m[48;2;0;0;0m[38;2;82;154;206m▄[0m[48;2;0;0;0m[38;2;82;154;206m▄[0m[48;2;0;0;0m[38;2;82;154;206m▄[0m[38;2;0;0;0m▄[0m[38;2;0;0;0m▄[0m            
     [38;2;0;0;0m▄[0m[38;2;0;0;0m▄[0m[38;2;0;0;0m▄[0m[38;2;0;0;0m▄[0m[48;2;0;0;0m[38;2;82;154;206m▄[0m[48;2;0;0;0m[38;2;90;158;198m▄[0m[48;2;90;158;198m[38;2;90;158;198m▄[0m[48;2;117;167;200m[38;2;117;167;200m▄[0m[48;2;117;167;200m[38;2;117;167;200m▄[0m[48;2;117;167;200m[38;2;117;167;200m▄[0m[48;2;117;167;200m[38;2;117;167;200m▄[0m[48;2;117;166;200m[38;2;117;166;200m▄[0m[48;2;79;154;203m[38;2;117;166;200m▄[0m[48;2;79;154;203m[38;2;79;154;203m▄[0m[48;2;79;154;203m[38;2;79;154;203m▄[0m[48;2;82;154;206m[38;2;82;154;206m▄[0m[48;2;0;0;0m[38;2;82;154;206m▄[0m[48;2;0;0;0m[38;2;82;154;206m▄[0m[38;2;0;0;0m▄[0m         
 [38;2;0;0;0m▄[0m[38;2;0;0;0m▄[0m[48;2;0;0;0m[38;2;74;130;189m▄[0m[48;2;0;0;0m[38;2;74;130;189m▄[0m[48;2;74;130;189m[38;2;74;130;189m▄[0m[48;2;73;131;181m[38;2;73;131;181m▄[0m[48;2;57;85;115m[38;2;82;154;214m▄[0m[48;2;79;154;203m[38;2;79;154;203m▄[0m[48;2;79;154;203m[38;2;79;154;203m▄[0m[48;2;117;167;200m[38;2;117;167;200m▄[0m[48;2;117;167;200m[38;2;117;167;200m▄[0m[48;2;119;168;202m[38;2;57;109;165m▄[0m[48;2;119;168;202m[38;2;119;168;202m▄[0m[48;2;117;167;200m[38;2;117;167;200m▄[0m[48;2;117;167;200m[38;2;117;167;200m▄[0m[48;2;117;167;200m[38;2;117;167;200m▄[0m[48;2;117;167;200m[38;2;117;167;200m▄[0m[48;2;117;166;200m[38;2;117;166;200m▄[0m[48;2;79;154;203m[38;2;79;154;203m▄[0m[48;2;79;154;203m[38;2;79;154;203m▄[0m[48;2;79;154;203m[38;2;79;154;203m▄[0m[48;2;79;154;203m[38;2;79;154;203m▄[0m[48;2;79;154;203m[38;2;79;154;203m▄[0m[48;2;0;0;0m[38;2;82;154;206m▄[0m[38;2;0;0;0m▄[0m       
[48;2;0;0;0m[38;2;0;0;0m▄[0m[48;2;74;130;189m[38;2;74;130;189m▄[0m[48;2;79;130;192m[38;2;79;130;192m▄[0m[48;2;79;130;192m[38;2;79;130;192m▄[0m[48;2;76;129;192m[38;2;76;129;192m▄[0m[48;2;76;129;192m[38;2;66;65;66m▄[0m[48;2;79;154;203m[38;2;79;154;203m▄[0m[48;2;79;154;203m[38;2;79;154;203m▄[0m[48;2;79;154;203m[38;2;79;154;203m▄[0m[48;2;79;154;203m[38;2;79;154;203m▄[0m[48;2;79;154;203m[38;2;79;154;203m▄[0m[48;2;117;166;200m[38;2;79;154;203m▄[0m[48;2;117;167;200m[38;2;117;167;200m▄[0m[48;2;117;167;200m[38;2;117;167;200m▄[0m[48;2;57;109;165m[38;2;119;168;202m▄[0m[48;2;119;168;202m[38;2;119;168;202m▄[0m[48;2;117;166;200m[38;2;117;166;200m▄[0m[48;2;117;166;200m[38;2;79;154;203m▄[0m[48;2;79;154;203m[38;2;79;154;203m▄[0m[48;2;79;154;203m[38;2;79;154;203m▄[0m[48;2;79;154;203m[38;2;79;154;203m▄[0m[48;2;79;154;203m[38;2;79;154;203m▄[0m[48;2;79;154;203m[38;2;79;154;203m▄[0m[48;2;79;154;203m[38;2;79;154;203m▄[0m[48;2;79;154;203m[38;2;79;154;203m▄[0m[48;2;79;154;203m[38;2;79;154;203m▄[0m[48;2;0;0;0m[38;2;0;0;0m▄[0m      
[38;2;0;0;0m▀[0m[48;2;74;130;189m[38;2;0;0;0m▄[0m[48;2;74;130;189m[38;2;0;0;0m▄[0m[48;2;74;130;189m[38;2;0;0;0m▄[0m[48;2;66;65;66m[38;2;66;65;66m▄[0m[48;2;82;154;206m[38;2;82;154;206m▄[0m[48;2;132;164;172m[38;2;132;164;172m▄[0m[48;2;198;247;255m[38;2;0;0;8m▄[0m[48;2;79;154;203m[38;2;79;154;203m▄[0m[48;2;79;154;203m[38;2;79;154;203m▄[0m[48;2;79;154;203m[38;2;79;154;203m▄[0m[48;2;79;154;203m[38;2;79;154;203m▄[0m[48;2;79;154;203m[38;2;79;154;203m▄[0m[48;2;79;154;203m[38;2;79;154;203m▄[0m[48;2;79;154;203m[38;2;79;154;203m▄[0m[48;2;79;154;203m[38;2;79;154;203m▄[0m[48;2;79;154;203m[38;2;79;154;203m▄[0m[48;2;79;154;203m[38;2;79;154;203m▄[0m[48;2;79;154;203m[38;2;79;154;203m▄[0m[48;2;79;154;203m[38;2;79;154;203m▄[0m[48;2;79;154;203m[38;2;79;154;203m▄[0m[48;2;79;154;203m[38;2;79;154;203m▄[0m[48;2;79;154;203m[38;2;79;154;203m▄[0m[48;2;79;154;203m[38;2;79;154;203m▄[0m[48;2;79;154;203m[38;2;79;154;203m▄[0m[48;2;79;154;203m[38;2;79;154;203m▄[0m[48;2;82;154;206m[38;2;82;154;206m▄[0m[48;2;0;0;0m[38;2;82;154;206m▄[0m[38;2;0;0;0m▄[0m    
   [38;2;0;0;0m▀[0m[48;2;82;154;206m[38;2;0;0;0m▄[0m[48;2;82;154;206m[38;2;82;154;206m▄[0m[48;2;79;154;203m[38;2;79;154;203m▄[0m[48;2;79;154;203m[38;2;79;154;203m▄[0m[48;2;79;154;203m[38;2;79;154;203m▄[0m[48;2;79;154;203m[38;2;79;154;203m▄[0m[48;2;79;154;203m[38;2;79;154;203m▄[0m[48;2;79;154;203m[38;2;79;154;203m▄[0m[48;2;79;154;203m[38;2;79;154;203m▄[0m[48;2;79;154;203m[38;2;79;154;203m▄[0m[48;2;79;154;203m[38;2;79;154;203m▄[0m[48;2;79;154;203m[38;2;79;154;203m▄[0m[48;2;82;154;206m[38;2;255;255;255m▄[0m[48;2;82;154;206m[38;2;82;154;206m▄[0m[48;2;79;154;203m[38;2;79;154;203m▄[0m[48;2;79;154;203m[38;2;79;154;203m▄[0m[48;2;79;154;203m[38;2;79;154;203m▄[0m[48;2;79;154;203m[38;2;79;154;203m▄[0m[48;2;79;154;203m[38;2;79;154;203m▄[0m[48;2;79;154;203m[38;2;79;154;203m▄[0m[48;2;79;154;203m[38;2;79;154;203m▄[0m[48;2;79;154;203m[38;2;79;154;203m▄[0m[48;2;79;154;203m[38;2;79;154;203m▄[0m[48;2;79;154;203m[38;2;79;154;203m▄[0m[48;2;38;56;68m[38;2;82;154;206m▄[0m[48;2;16;8;0m[38;2;82;154;206m▄[0m[38;2;0;0;0m▄[0m  
   [48;2;0;0;0m[38;2;0;0;0m▄[0m[48;2;255;239;181m[38;2;255;239;181m▄[0m[48;2;66;65;66m[38;2;255;239;181m▄[0m[48;2;82;154;206m[38;2;66;65;66m▄[0m[48;2;82;154;206m[38;2;66;65;66m▄[0m[48;2;79;154;203m[38;2;79;154;203m▄[0m[48;2;79;154;203m[38;2;79;154;203m▄[0m[48;2;79;154;203m[38;2;79;154;203m▄[0m[48;2;79;154;203m[38;2;79;154;203m▄[0m[48;2;79;154;203m[38;2;79;154;203m▄[0m[48;2;79;154;203m[38;2;79;154;203m▄[0m[48;2;79;154;203m[38;2;79;154;203m▄[0m[48;2;79;154;203m[38;2;79;154;203m▄[0m[48;2;0;0;0m[38;2;82;154;206m▄[0m[48;2;82;154;206m[38;2;82;154;206m▄[0m[48;2;79;154;203m[38;2;79;154;203m▄[0m[48;2;79;154;203m[38;2;79;154;203m▄[0m[48;2;74;150;206m[38;2;57;60;66m▄[0m[48;2;74;150;206m[38;2;68;120;159m▄[0m[48;2;79;154;203m[38;2;79;154;203m▄[0m[48;2;79;154;203m[38;2;79;154;203m▄[0m[48;2;79;154;203m[38;2;79;154;203m▄[0m[48;2;79;154;203m[38;2;79;154;203m▄[0m[48;2;79;154;203m[38;2;79;154;203m▄[0m[48;2;79;154;203m[38;2;79;154;203m▄[0m[48;2;57;109;165m[38;2;79;155;203m▄[0m[48;2;79;155;203m[38;2;57;109;165m▄[0m[48;2;82;154;206m[38;2;82;154;206m▄[0m[48;2;0;0;0m[38;2;82;154;206m▄[0m[38;2;0;0;0m▄[0m
   [38;2;0;0;0m▀[0m[48;2;255;239;181m[38;2;0;0;0m▄[0m[48;2;255;239;181m[38;2;255;239;181m▄[0m[48;2;140;121;90m[38;2;216;210;194m▄[0m[48;2;255;255;247m[38;2;140;121;90m▄[0m[48;2;66;69;66m[38;2;255;255;255m▄[0m[48;2;66;69;66m[38;2;160;162;160m▄[0m[48;2;49;65;74m[38;2;222;251;255m▄[0m[48;2;135;158;164m[38;2;49;65;74m▄[0m[48;2;82;154;206m[38;2;66;65;66m▄[0m[48;2;82;154;206m[38;2;66;65;66m▄[0m[48;2;82;154;206m[38;2;66;65;66m▄[0m[48;2;82;154;206m[38;2;66;65;66m▄[0m[48;2;115;162;192m[38;2;66;65;66m▄[0m[48;2;66;65;66m[38;2;115;162;192m▄[0m[48;2;66;69;66m[38;2;255;255;255m▄[0m[48;2;66;69;66m[38;2;160;162;160m▄[0m[48;2;129;135;126m[38;2;129;135;126m▄[0m[48;2;66;89;115m[38;2;255;227;148m▄[0m[48;2;93;104;109m[38;2;165;174;165m▄[0m[48;2;57;69;82m[38;2;57;69;82m▄[0m[48;2;79;154;203m[38;2;79;154;203m▄[0m[48;2;79;154;203m[38;2;79;154;203m▄[0m[48;2;57;109;165m[38;2;79;155;203m▄[0m[48;2;79;155;203m[38;2;57;109;165m▄[0m[48;2;79;154;203m[38;2;79;154;203m▄[0m[48;2;79;154;203m[38;2;79;154;203m▄[0m[48;2;54;105;150m[38;2;54;105;150m▄[0m[48;2;82;158;222m[38;2;0;0;8m▄[0m[38;2;0;0;0m▀[0m
    [38;2;0;0;0m▀[0m[48;2;255;239;181m[38;2;0;0;0m▄[0m[48;2;175;171;148m[38;2;175;171;148m▄[0m[48;2;255;239;181m[38;2;255;239;181m▄[0m[48;2;135;119;90m[38;2;255;239;181m▄[0m[48;2;135;119;90m[38;2;255;239;181m▄[0m[48;2;247;255;255m[38;2;132;121;99m▄[0m[48;2;170;165;151m[38;2;132;121;99m▄[0m[48;2;255;255;255m[38;2;255;255;255m▄[0m[48;2;152;172;181m[38;2;152;172;181m▄[0m[48;2;255;255;255m[38;2;255;255;255m▄[0m[48;2;167;165;156m[38;2;123;121;107m▄[0m[48;2;247;255;255m[38;2;132;121;99m▄[0m[48;2;170;165;151m[38;2;132;121;99m▄[0m[48;2;135;119;90m[38;2;255;239;181m▄[0m[48;2;135;119;90m[38;2;255;239;181m▄[0m[48;2;255;239;181m[38;2;255;239;181m▄[0m[48;2;175;171;148m[38;2;175;171;148m▄[0m[48;2;176;172;145m[38;2;176;172;145m▄[0m[48;2;176;172;145m[38;2;176;172;145m▄[0m[48;2;66;65;66m[38;2;126;162;176m▄[0m[48;2;126;162;176m[38;2;66;65;66m▄[0m[48;2;79;154;203m[38;2;79;154;203m▄[0m[48;2;79;154;203m[38;2;79;154;203m▄[0m[48;2;57;109;165m[38;2;57;109;165m▄[0m[48;2;79;155;203m[38;2;79;155;203m▄[0m[48;2;82;154;206m[38;2;0;0;0m▄[0m[38;2;0;0;0m▀[0m 
     [38;2;0;0;0m▀[0m[48;2;255;239;181m[38;2;0;0;0m▄[0m[48;2;255;239;181m[38;2;255;239;181m▄[0m[48;2;255;239;178m[38;2;255;239;178m▄[0m[48;2;255;239;178m[38;2;255;239;178m▄[0m[48;2;255;239;181m[38;2;177;172;148m▄[0m[48;2;255;239;181m[38;2;255;239;181m▄[0m[48;2;135;119;90m[38;2;255;239;181m▄[0m[48;2;135;119;90m[38;2;255;239;181m▄[0m[48;2;135;119;90m[38;2;255;239;181m▄[0m[48;2;255;239;181m[38;2;255;239;181m▄[0m[48;2;255;239;178m[38;2;255;239;178m▄[0m[48;2;255;239;178m[38;2;255;239;178m▄[0m[48;2;255;239;181m[38;2;255;239;181m▄[0m[48;2;255;239;181m[38;2;177;172;148m▄[0m[48;2;176;172;145m[38;2;176;172;145m▄[0m[48;2;176;172;145m[38;2;176;172;145m▄[0m[48;2;176;172;145m[38;2;176;172;145m▄[0m[48;2;176;172;145m[38;2;176;172;145m▄[0m[48;2;173;170;148m[38;2;173;170;148m▄[0m[48;2;173;170;148m[38;2;0;0;0m▄[0m[38;2;0;0;0m▀[0m[38;2;0;0;0m▀[0m[38;2;0;0;0m▀[0m[38;2;0;0;0m▀[0m   
       [38;2;0;0;0m▀[0m[48;2;255;239;181m[38;2;0;0;0m▄[0m[48;2;255;239;181m[38;2;0;0;0m▄[0m[48;2;175;171;148m[38;2;255;239;181m▄[0m[48;2;255;239;181m[38;2;175;171;148m▄[0m[48;2;255;239;178m[38;2;255;239;178m▄[0m[48;2;255;239;178m[38;2;255;239;178m▄[0m[48;2;255;239;181m[38;2;255;239;181m▄[0m[48;2;255;239;181m[38;2;177;172;148m▄[0m[48;2;186;175;137m[38;2;126;115;93m▄[0m[48;2;247;235;181m[38;2;186;175;137m▄[0m[48;2;176;172;145m[38;2;176;172;145m▄[0m[48;2;176;172;145m[38;2;176;172;145m▄[0m[48;2;176;172;145m[38;2;176;172;145m▄[0m[48;2;176;172;145m[38;2;176;172;145m▄[0m[48;2;173;170;148m[38;2;173;170;148m▄[0m[48;2;173;170;148m[38;2;0;0;0m▄[0m[38;2;0;0;0m▀[0m        
          [38;2;0;0;0m▀[0m[38;2;0;0;0m▀[0m[38;2;0;0;0m▀[0m[48;2;173;170;148m[38;2;0;0;0m▄[0m[48;2;173;170;148m[38;2;0;0;0m▄[0m[48;2;173;170;148m[38;2;0;0;0m▄[0m[48;2;181;174;140m[38;2;0;0;0m▄[0m[48;2;120;116;93m[38;2;0;0;0m▄[0m[48;2;173;170;148m[38;2;0;0;0m▄[0m[48;2;173;170;148m[38;2;0;0;0m▄[0m[48;2;173;170;148m[38;2;0;0;0m▄[0m[38;2;0;0;0m▀[0m[38;2;0;0;0m▀[0m          