      [38;2;0;0;0m▄[0m[38;2;0;0;0m▄[0m[48;2;0;0;0m[38;2;156;156;148m▄[0m[48;2;0;0;0m[38;2;0;0;0m▄[0m        
     [48;2;0;0;0m[38;2;0;0;0m▄[0m[48;2;156;156;148m[38;2;156;156;148m▄[0m[48;2;156;156;148m[38;2;156;156;148m▄[0m[48;2;0;0;0m[38;2;156;156;148m▄[0m[38;2;0;0;0m▄[0m        
  [38;2;0;0;0m▄[0m[38;2;0;0;0m▄[0m[48;2;0;0;0m[38;2;156;156;148m▄[0m[48;2;156;156;148m[38;2;156;156;148m▄[0m[48;2;156;156;148m[38;2;156;156;148m▄[0m[48;2;156;156;148m[38;2;156;156;148m▄[0m[48;2;0;0;0m[38;2;156;156;148m▄[0m[38;2;0;0;0m▄[0m        
 [48;2;0;0;0m[38;2;0;0;0m▄[0m[48;2;115;115;115m[38;2;156;156;148m▄[0m[48;2;156;156;148m[38;2;115;115;115m▄[0m[48;2;156;156;148m[38;2;115;115;115m▄[0m[48;2;65;65;65m[38;2;239;239;214m▄[0m[48;2;156;156;148m[38;2;65;65;65m▄[0m[48;2;156;156;148m[38;2;156;156;148m▄[0m[48;2;156;156;148m[38;2;156;156;148m▄[0m[48;2;65;65;65m[38;2;156;156;148m▄[0m[48;2;0;0;0m[38;2;65;65;65m▄[0m[48;2;0;0;0m[38;2;239;239;214m▄[0m[38;2;0;0;0m▄[0m[38;2;0;0;0m▄[0m    
 [38;2;0;0;0m▄[0m[48;2;0;0;0m[38;2;239;239;214m▄[0m[48;2;239;239;214m[38;2;239;239;214m▄[0m[48;2;239;239;214m[38;2;239;239;214m▄[0m[48;2;239;239;214m[38;2;239;239;214m▄[0m[48;2;239;239;214m[38;2;239;239;214m▄[0m[48;2;65;65;65m[38;2;189;189;165m▄[0m[48;2;156;156;148m[38;2;65;65;65m▄[0m[48;2;156;156;148m[38;2;156;156;148m▄[0m[48;2;156;156;148m[38;2;156;156;148m▄[0m[48;2;115;115;115m[38;2;156;156;148m▄[0m[48;2;239;239;214m[38;2;156;156;148m▄[0m[48;2;115;115;115m[38;2;156;156;148m▄[0m[48;2;0;0;0m[38;2;65;65;65m▄[0m[48;2;0;0;0m[38;2;156;156;148m▄[0m[38;2;0;0;0m▄[0m 
[48;2;0;0;0m[38;2;0;0;0m▄[0m[48;2;65;65;65m[38;2;115;115;115m▄[0m[48;2;239;239;214m[38;2;239;239;214m▄[0m[48;2;239;239;214m[38;2;239;239;214m▄[0m[48;2;239;239;214m[38;2;115;115;115m▄[0m[48;2;115;115;115m[38;2;65;65;65m▄[0m[48;2;65;65;65m[38;2;65;65;65m▄[0m[48;2;239;239;214m[38;2;65;65;65m▄[0m[48;2;65;65;65m[38;2;189;189;165m▄[0m[48;2;156;156;148m[38;2;65;65;65m▄[0m[48;2;156;156;148m[38;2;156;156;148m▄[0m[48;2;115;115;115m[38;2;156;156;148m▄[0m[48;2;65;65;65m[38;2;156;156;148m▄[0m[48;2;65;65;65m[38;2;156;156;148m▄[0m[48;2;156;156;148m[38;2;156;156;148m▄[0m[48;2;156;156;148m[38;2;156;156;148m▄[0m[48;2;156;156;148m[38;2;0;0;0m▄[0m[38;2;0;0;0m▀[0m
[38;2;0;0;0m▀[0m[48;2;65;65;65m[38;2;0;0;0m▄[0m[48;2;189;189;165m[38;2;189;189;165m▄[0m[48;2;239;239;214m[38;2;189;189;165m▄[0m[48;2;65;65;65m[38;2;115;115;115m▄[0m[48;2;247;99;90m[38;2;156;82;74m▄[0m[48;2;156;82;74m[38;2;65;65;65m▄[0m[48;2;65;65;65m[38;2;65;65;65m▄[0m[48;2;189;189;165m[38;2;189;189;165m▄[0m[48;2;65;65;65m[38;2;65;65;65m▄[0m[48;2;156;156;148m[38;2;156;156;148m▄[0m[48;2;156;156;148m[38;2;65;65;65m▄[0m[48;2;156;156;148m[38;2;156;156;148m▄[0m[48;2;156;156;148m[38;2;156;156;148m▄[0m[48;2;156;156;148m[38;2;65;65;65m▄[0m[48;2;65;65;65m[38;2;0;0;0m▄[0m[38;2;0;0;0m▀[0m 
[48;2;0;0;0m[38;2;0;0;0m▄[0m[48;2;156;156;148m[38;2;65;65;65m▄[0m[48;2;65;65;65m[38;2;156;156;148m▄[0m[48;2;156;156;148m[38;2;189;189;165m▄[0m[48;2;156;156;148m[38;2;65;65;65m▄[0m[48;2;65;65;65m[38;2;156;156;148m▄[0m[48;2;65;65;65m[38;2;156;156;148m▄[0m[48;2;156;156;148m[38;2;65;65;65m▄[0m[48;2;65;65;65m[38;2;115;115;115m▄[0m[48;2;115;115;115m[38;2;115;115;115m▄[0m[48;2;156;156;148m[38;2;115;115;115m▄[0m[48;2;156;156;148m[38;2;115;115;115m▄[0m[48;2;65;65;65m[38;2;115;115;115m▄[0m[48;2;65;65;65m[38;2;115;115;115m▄[0m[48;2;115;115;115m[38;2;0;0;0m▄[0m[38;2;0;0;0m▀[0m  
 [38;2;0;0;0m▀[0m[48;2;189;189;165m[38;2;0;0;0m▄[0m[48;2;156;156;148m[38;2;0;0;0m▄[0m[48;2;65;65;65m[38;2;115;115;115m▄[0m[48;2;189;189;165m[38;2;65;65;65m▄[0m[48;2;189;189;165m[38;2;65;65;65m▄[0m[48;2;65;65;65m[38;2;115;115;115m▄[0m[48;2;115;115;115m[38;2;115;115;115m▄[0m[48;2;115;115;115m[38;2;115;115;115m▄[0m[48;2;115;115;115m[38;2;115;115;115m▄[0m[48;2;115;115;115m[38;2;65;65;65m▄[0m[48;2;115;115;115m[38;2;0;0;0m▄[0m[38;2;0;0;0m▀[0m    
    [38;2;0;0;0m▀[0m[38;2;0;0;0m▀[0m[38;2;0;0;0m▀[0m[48;2;65;65;65m[38;2;0;0;0m▄[0m[48;2;65;65;65m[38;2;115;115;115m▄[0m[48;2;115;115;115m[38;2;115;115;115m▄[0m[48;2;115;115;115m[38;2;115;115;115m▄[0m[48;2;115;115;115m[38;2;115;115;115m▄[0m[48;2;115;115;115m[38;2;0;0;0m▄[0m[38;2;0;0;0m▀[0m    
        [38;2;0;0;0m▀[0m[38;2;0;0;0m▀[0m[38;2;0;0;0m▀[0m[38;2;0;0;0m▀[0m      