     [38;2;0;0;0m▄[0m[48;2;0;0;0m[38;2;197;173;74m▄[0m[48;2;0;0;0m[38;2;247;222;82m▄[0m[48;2;0;0;0m[38;2;197;173;74m▄[0m[38;2;0;0;0m▄[0m     
   [38;2;0;0;0m▄[0m[48;2;0;0;0m[38;2;222;239;255m▄[0m[48;2;197;173;74m[38;2;65;65;65m▄[0m[48;2;247;222;82m[38;2;197;173;74m▄[0m[48;2;247;222;82m[38;2;247;222;82m▄[0m[48;2;247;222;82m[38;2;197;173;74m▄[0m[48;2;197;173;74m[38;2;65;65;65m▄[0m[48;2;0;0;0m[38;2;222;239;255m▄[0m[38;2;0;0;0m▄[0m   
 [38;2;0;0;0m▄[0m[48;2;0;0;0m[38;2;165;197;255m▄[0m[48;2;222;239;255m[38;2;222;239;255m▄[0m[48;2;222;239;255m[38;2;222;239;255m▄[0m[48;2;222;239;255m[38;2;222;239;255m▄[0m[48;2;65;65;65m[38;2;222;239;255m▄[0m[48;2;65;65;65m[38;2;222;239;255m▄[0m[48;2;65;65;65m[38;2;222;239;255m▄[0m[48;2;222;239;255m[38;2;222;239;255m▄[0m[48;2;222;239;255m[38;2;222;239;255m▄[0m[48;2;222;239;255m[38;2;222;239;255m▄[0m[48;2;0;0;0m[38;2;165;197;255m▄[0m[38;2;0;0;0m▄[0m 
 [48;2;0;0;0m[38;2;0;0;0m▄[0m[48;2;247;222;82m[38;2;65;65;65m▄[0m[48;2;165;197;255m[38;2;222;239;255m▄[0m[48;2;222;239;255m[38;2;222;239;255m▄[0m[48;2;222;239;255m[38;2;222;239;255m▄[0m[48;2;222;239;255m[38;2;165;197;255m▄[0m[48;2;165;197;255m[38;2;247;222;82m▄[0m[48;2;222;239;255m[38;2;165;197;255m▄[0m[48;2;222;239;255m[38;2;222;239;255m▄[0m[48;2;222;239;255m[38;2;165;197;255m▄[0m[48;2;165;197;255m[38;2;239;115;156m▄[0m[48;2;165;197;255m[38;2;165;197;255m▄[0m[48;2;0;0;0m[38;2;0;0;0m▄[0m 
[38;2;0;0;0m▀[0m[48;2;165;197;255m[38;2;0;0;0m▄[0m[48;2;107;140;173m[38;2;0;0;0m▄[0m[48;2;123;123;123m[38;2;165;197;255m▄[0m[48;2;222;239;255m[38;2;123;123;123m▄[0m[48;2;222;239;255m[38;2;123;123;123m▄[0m[48;2;222;239;255m[38;2;123;123;123m▄[0m[48;2;65;65;65m[38;2;165;197;255m▄[0m[48;2;165;197;255m[38;2;239;115;156m▄[0m[48;2;239;115;156m[38;2;107;140;173m▄[0m[48;2;239;115;156m[38;2;107;140;173m▄[0m[48;2;239;115;156m[38;2;239;115;156m▄[0m[48;2;239;115;156m[38;2;0;0;0m▄[0m[38;2;0;0;0m▀[0m 
   [38;2;0;0;0m▀[0m[38;2;0;0;0m▀[0m[48;2;165;197;255m[38;2;0;0;0m▄[0m[48;2;165;197;255m[38;2;0;0;0m▄[0m[48;2;165;197;255m[38;2;0;0;0m▄[0m[48;2;165;197;255m[38;2;0;0;0m▄[0m[48;2;107;140;173m[38;2;0;0;0m▄[0m[48;2;165;197;255m[38;2;0;0;0m▄[0m[38;2;0;0;0m▀[0m   
       [48;2;0;0;0m[38;2;0;0;0m▄[0m[48;2;165;197;255m[38;2;165;197;255m▄[0m[48;2;0;0;0m[38;2;0;0;0m▄[0m[38;2;0;0;0m▄[0m    
      [48;2;0;0;0m[38;2;0;0;0m▄[0m[48;2;165;197;255m[38;2;222;239;255m▄[0m[48;2;222;239;255m[38;2;222;239;255m▄[0m[48;2;222;239;255m[38;2;222;239;255m▄[0m[48;2;222;239;255m[38;2;222;239;255m▄[0m[48;2;0;0;0m[38;2;0;0;0m▄[0m   
       [48;2;0;0;0m[38;2;0;0;0m▄[0m[48;2;222;239;255m[38;2;222;239;255m▄[0m[48;2;222;239;255m[38;2;222;239;255m▄[0m[48;2;239;115;156m[38;2;222;239;255m▄[0m[48;2;239;115;156m[38;2;239;115;156m▄[0m[48;2;0;0;0m[38;2;239;115;156m▄[0m[48;2;0;0;0m[38;2;239;115;156m▄[0m[38;2;0;0;0m▄[0m
        [38;2;0;0;0m▀[0m[48;2;239;115;156m[38;2;0;0;0m▄[0m[48;2;239;115;156m[38;2;239;115;156m▄[0m[48;2;239;115;156m[38;2;239;115;156m▄[0m[48;2;239;115;156m[38;2;0;0;0m▄[0m[48;2;0;0;0m[38;2;0;0;0m▄[0m 
          [38;2;0;0;0m▀[0m[38;2;0;0;0m▀[0m   