      [38;2;0;0;0m▄[0m[48;2;0;0;0m[38;2;131;106;74m▄[0m[38;2;0;0;0m▄[0m[38;2;0;0;0m▄[0m                           
      [38;2;0;0;0m▀[0m[48;2;98;82;49m[38;2;0;0;0m▄[0m[48;2;98;82;49m[38;2;255;205;205m▄[0m[48;2;131;106;74m[38;2;98;82;49m▄[0m[48;2;0;0;0m[38;2;98;82;49m▄[0m[38;2;0;0;0m▄[0m                 [38;2;0;0;0m▄[0m[38;2;0;0;0m▄[0m      
       [38;2;0;0;0m▀[0m[48;2;255;205;205m[38;2;0;0;0m▄[0m[48;2;255;205;205m[38;2;255;205;205m▄[0m[48;2;255;205;205m[38;2;255;205;205m▄[0m[48;2;255;205;205m[38;2;255;205;205m▄[0m[48;2;0;0;0m[38;2;255;205;205m▄[0m[38;2;0;0;0m▄[0m[38;2;0;0;0m▄[0m[48;2;0;0;0m[38;2;255;205;205m▄[0m[48;2;0;0;0m[38;2;255;205;205m▄[0m[48;2;0;0;0m[38;2;255;205;205m▄[0m[38;2;0;0;0m▄[0m[38;2;0;0;0m▄[0m    [38;2;0;0;0m▄[0m[38;2;0;0;0m▄[0m[48;2;0;0;0m[38;2;131;106;74m▄[0m[48;2;0;0;0m[38;2;131;106;74m▄[0m[48;2;0;0;0m[38;2;131;106;74m▄[0m[48;2;131;106;74m[38;2;131;106;74m▄[0m[48;2;131;106;74m[38;2;0;0;0m▄[0m[38;2;0;0;0m▀[0m     
      [38;2;0;0;0m▄[0m[38;2;0;0;0m▄[0m[38;2;0;0;0m▀[0m[48;2;255;205;205m[38;2;0;0;0m▄[0m[48;2;255;205;205m[38;2;255;205;205m▄[0m[48;2;255;205;205m[38;2;139;90;90m▄[0m[48;2;139;90;90m[38;2;255;205;205m▄[0m[48;2;255;205;205m[38;2;255;205;205m▄[0m[48;2;255;205;205m[38;2;139;90;90m▄[0m[48;2;255;205;205m[38;2;139;90;90m▄[0m[48;2;255;205;205m[38;2;255;205;205m▄[0m[48;2;255;205;205m[38;2;255;205;205m▄[0m[48;2;255;205;205m[38;2;255;205;205m▄[0m[48;2;255;205;205m[38;2;255;205;205m▄[0m[48;2;0;0;0m[38;2;255;205;205m▄[0m[38;2;0;0;0m▄[0m[48;2;0;0;0m[38;2;139;90;90m▄[0m[48;2;0;0;0m[38;2;255;205;205m▄[0m[48;2;255;205;205m[38;2;255;205;205m▄[0m[48;2;98;82;49m[38;2;255;205;205m▄[0m[48;2;98;82;49m[38;2;255;205;205m▄[0m[48;2;98;82;49m[38;2;255;205;205m▄[0m[48;2;131;106;74m[38;2;98;82;49m▄[0m[48;2;0;0;0m[38;2;0;0;0m▄[0m       
     [38;2;0;0;0m▀[0m[48;2;209;107;127m[38;2;0;0;0m▄[0m[48;2;209;107;127m[38;2;209;107;127m▄[0m[48;2;0;0;0m[38;2;209;107;127m▄[0m[48;2;0;0;0m[38;2;65;65;65m▄[0m[48;2;255;205;205m[38;2;255;205;205m▄[0m[48;2;139;90;90m[38;2;139;90;90m▄[0m[48;2;255;205;205m[38;2;255;205;205m▄[0m[48;2;139;90;90m[38;2;255;205;205m▄[0m[48;2;255;205;205m[38;2;255;205;205m▄[0m[48;2;255;205;205m[38;2;255;205;205m▄[0m[48;2;139;90;90m[38;2;82;90;106m▄[0m[48;2;255;205;205m[38;2;255;205;205m▄[0m[48;2;255;205;205m[38;2;255;205;205m▄[0m[48;2;255;205;205m[38;2;255;205;205m▄[0m[48;2;139;90;90m[38;2;255;205;205m▄[0m[48;2;255;205;205m[38;2;255;205;205m▄[0m[48;2;255;205;205m[38;2;255;205;205m▄[0m[48;2;255;205;205m[38;2;255;205;205m▄[0m[48;2;255;205;205m[38;2;255;205;205m▄[0m[48;2;255;205;205m[38;2;213;164;148m▄[0m[48;2;255;205;205m[38;2;213;164;148m▄[0m[48;2;180;148;139m[38;2;0;0;0m▄[0m[38;2;0;0;0m▀[0m   [38;2;0;0;0m▄[0m[38;2;0;0;0m▄[0m[38;2;0;0;0m▄[0m[38;2;0;0;0m▄[0m 
       [38;2;0;0;0m▀[0m[48;2;65;65;65m[38;2;0;0;0m▄[0m[48;2;255;205;205m[38;2;255;205;205m▄[0m[48;2;255;205;205m[38;2;255;205;205m▄[0m[48;2;139;90;90m[38;2;255;205;205m▄[0m[48;2;255;205;205m[38;2;139;90;90m▄[0m[48;2;255;205;205m[38;2;213;164;148m▄[0m[48;2;255;205;205m[38;2;213;164;148m▄[0m[48;2;213;164;148m[38;2;82;90;106m▄[0m[48;2;82;90;106m[38;2;213;164;148m▄[0m[48;2;213;164;148m[38;2;213;164;148m▄[0m[48;2;255;205;205m[38;2;255;205;205m▄[0m[48;2;255;205;205m[38;2;255;205;205m▄[0m[48;2;255;205;205m[38;2;255;205;205m▄[0m[48;2;255;205;205m[38;2;255;205;205m▄[0m[48;2;255;205;205m[38;2;213;164;148m▄[0m[48;2;213;164;148m[38;2;213;164;148m▄[0m[48;2;213;164;148m[38;2;213;164;148m▄[0m[48;2;213;164;148m[38;2;139;90;90m▄[0m[48;2;0;0;0m[38;2;65;65;65m▄[0m[38;2;0;0;0m▄[0m[48;2;0;0;0m[38;2;209;107;127m▄[0m[48;2;0;0;0m[38;2;238;136;148m▄[0m[48;2;0;0;0m[38;2;238;136;148m▄[0m[48;2;0;0;0m[38;2;238;136;148m▄[0m[48;2;238;136;148m[38;2;238;136;148m▄[0m[48;2;238;136;148m[38;2;238;136;148m▄[0m[48;2;238;136;148m[38;2;0;0;0m▄[0m[48;2;238;136;148m[38;2;0;0;0m▄[0m[38;2;0;0;0m▀[0m
    [38;2;0;0;0m▄[0m[38;2;0;0;0m▄[0m[38;2;0;0;0m▄[0m[38;2;0;0;0m▄[0m[48;2;0;0;0m[38;2;255;205;205m▄[0m[48;2;255;205;205m[38;2;255;205;205m▄[0m[48;2;255;205;205m[38;2;213;164;148m▄[0m[48;2;255;205;205m[38;2;255;255;255m▄[0m[48;2;255;205;205m[38;2;255;205;205m▄[0m[48;2;82;90;106m[38;2;255;205;205m▄[0m[48;2;82;90;106m[38;2;255;205;205m▄[0m[48;2;213;164;148m[38;2;255;205;205m▄[0m[48;2;213;164;148m[38;2;255;205;205m▄[0m[48;2;255;205;205m[38;2;255;205;205m▄[0m[48;2;255;205;205m[38;2;255;205;205m▄[0m[48;2;255;205;205m[38;2;255;205;205m▄[0m[48;2;255;205;205m[38;2;255;205;205m▄[0m[48;2;255;205;205m[38;2;255;205;205m▄[0m[48;2;213;164;148m[38;2;255;205;205m▄[0m[48;2;139;90;90m[38;2;255;205;205m▄[0m[48;2;139;90;90m[38;2;213;164;148m▄[0m[48;2;65;65;65m[38;2;65;65;65m▄[0m[48;2;209;107;127m[38;2;209;107;127m▄[0m[48;2;209;107;127m[38;2;209;107;127m▄[0m[48;2;238;136;148m[38;2;238;136;148m▄[0m[48;2;238;136;148m[38;2;238;136;148m▄[0m[48;2;238;136;148m[38;2;139;90;90m▄[0m[48;2;238;136;148m[38;2;0;0;0m▄[0m[38;2;0;0;0m▀[0m[38;2;0;0;0m▀[0m   
[38;2;0;0;0m▄[0m[48;2;0;0;0m[38;2;180;148;139m▄[0m[48;2;0;0;0m[38;2;255;205;205m▄[0m[48;2;0;0;0m[38;2;255;205;205m▄[0m[48;2;255;205;205m[38;2;255;205;205m▄[0m[48;2;255;205;205m[38;2;255;205;205m▄[0m[48;2;255;205;205m[38;2;255;205;205m▄[0m[48;2;213;164;148m[38;2;255;205;205m▄[0m[48;2;255;205;205m[38;2;255;205;205m▄[0m[48;2;180;148;139m[38;2;180;148;139m▄[0m[48;2;255;205;205m[38;2;255;205;205m▄[0m[48;2;0;0;0m[38;2;131;106;74m▄[0m[48;2;255;205;205m[38;2;255;205;205m▄[0m[48;2;255;205;205m[38;2;255;205;205m▄[0m[48;2;255;205;205m[38;2;255;205;205m▄[0m[48;2;255;255;255m[38;2;0;0;0m▄[0m[48;2;213;164;148m[38;2;255;205;205m▄[0m[48;2;255;205;205m[38;2;180;148;139m▄[0m[48;2;255;205;205m[38;2;255;205;205m▄[0m[48;2;255;205;205m[38;2;255;205;205m▄[0m[48;2;255;205;205m[38;2;255;205;205m▄[0m[48;2;255;205;205m[38;2;255;205;205m▄[0m[48;2;255;205;205m[38;2;255;205;205m▄[0m[48;2;255;205;205m[38;2;255;205;205m▄[0m[48;2;255;205;205m[38;2;213;164;148m▄[0m[48;2;65;65;65m[38;2;213;164;148m▄[0m[48;2;209;107;127m[38;2;65;65;65m▄[0m[48;2;209;107;127m[38;2;209;107;127m▄[0m[48;2;209;107;127m[38;2;209;107;127m▄[0m[48;2;238;136;148m[38;2;139;90;90m▄[0m[48;2;238;136;148m[38;2;139;90;90m▄[0m[48;2;238;136;148m[38;2;0;0;0m▄[0m[38;2;0;0;0m▀[0m    
[38;2;0;0;0m▀[0m[48;2;255;205;205m[38;2;0;0;0m▄[0m[48;2;180;148;139m[38;2;0;0;0m▄[0m[48;2;255;205;205m[38;2;255;205;205m▄[0m[48;2;255;205;205m[38;2;255;205;205m▄[0m[48;2;255;205;205m[38;2;255;205;205m▄[0m[48;2;213;164;148m[38;2;213;164;148m▄[0m[48;2;255;205;205m[38;2;255;205;205m▄[0m[48;2;255;205;205m[38;2;255;205;205m▄[0m[48;2;255;205;205m[38;2;255;205;205m▄[0m[48;2;180;148;139m[38;2;255;205;205m▄[0m[48;2;255;205;205m[38;2;255;205;205m▄[0m[48;2;255;205;205m[38;2;255;205;205m▄[0m[48;2;255;205;205m[38;2;255;205;205m▄[0m[48;2;255;205;205m[38;2;255;205;205m▄[0m[48;2;131;106;74m[38;2;255;205;205m▄[0m[48;2;255;205;205m[38;2;180;148;139m▄[0m[48;2;180;148;139m[38;2;255;205;205m▄[0m[48;2;255;205;205m[38;2;255;205;205m▄[0m[48;2;255;205;205m[38;2;255;205;205m▄[0m[48;2;255;205;205m[38;2;255;205;205m▄[0m[48;2;255;205;205m[38;2;255;205;205m▄[0m[48;2;255;205;205m[38;2;255;205;205m▄[0m[48;2;255;205;205m[38;2;139;90;90m▄[0m[48;2;213;164;148m[38;2;213;164;148m▄[0m[48;2;213;164;148m[38;2;213;164;148m▄[0m[48;2;65;65;65m[38;2;65;65;65m▄[0m[48;2;209;107;127m[38;2;65;65;65m▄[0m[48;2;209;107;127m[38;2;65;65;65m▄[0m[48;2;238;136;148m[38;2;209;107;127m▄[0m[48;2;238;136;148m[38;2;238;136;148m▄[0m[48;2;139;90;90m[38;2;238;136;148m▄[0m[48;2;0;0;0m[38;2;238;136;148m▄[0m[38;2;0;0;0m▄[0m   
   [38;2;0;0;0m▀[0m[38;2;0;0;0m▀[0m[38;2;0;0;0m▀[0m[48;2;0;0;0m[38;2;0;0;0m▄[0m[48;2;255;205;205m[38;2;255;205;205m▄[0m[48;2;255;205;205m[38;2;255;205;205m▄[0m[48;2;255;205;205m[38;2;255;205;205m▄[0m[48;2;255;205;205m[38;2;255;205;205m▄[0m[48;2;139;90;90m[38;2;255;205;205m▄[0m[48;2;139;90;90m[38;2;255;205;205m▄[0m[48;2;139;90;90m[38;2;255;205;205m▄[0m[48;2;255;205;205m[38;2;139;90;90m▄[0m[48;2;255;205;205m[38;2;139;90;90m▄[0m[48;2;255;205;205m[38;2;255;205;205m▄[0m[48;2;255;205;205m[38;2;255;205;205m▄[0m[48;2;255;205;205m[38;2;255;205;205m▄[0m[48;2;255;205;205m[38;2;255;205;205m▄[0m[48;2;255;205;205m[38;2;255;205;205m▄[0m[48;2;255;205;205m[38;2;255;205;205m▄[0m[48;2;255;205;205m[38;2;255;205;205m▄[0m[48;2;255;205;205m[38;2;255;205;205m▄[0m[48;2;65;65;65m[38;2;255;205;205m▄[0m[48;2;213;164;148m[38;2;65;65;65m▄[0m[48;2;65;65;65m[38;2;65;65;65m▄[0m[48;2;213;164;148m[38;2;213;164;148m▄[0m[48;2;213;164;148m[38;2;213;164;148m▄[0m[48;2;65;65;65m[38;2;139;90;90m▄[0m[48;2;65;65;65m[38;2;213;164;148m▄[0m[48;2;65;65;65m[38;2;213;164;148m▄[0m[48;2;65;65;65m[38;2;0;0;0m▄[0m[38;2;0;0;0m▀[0m   
       [48;2;0;0;0m[38;2;0;0;0m▄[0m[48;2;255;205;205m[38;2;255;205;205m▄[0m[48;2;255;205;205m[38;2;255;205;205m▄[0m[48;2;255;205;205m[38;2;255;205;205m▄[0m[48;2;255;205;205m[38;2;255;205;205m▄[0m[48;2;255;205;205m[38;2;255;205;205m▄[0m[48;2;255;205;205m[38;2;255;205;205m▄[0m[48;2;255;205;205m[38;2;255;205;205m▄[0m[48;2;255;205;205m[38;2;255;205;205m▄[0m[48;2;255;205;205m[38;2;255;205;205m▄[0m[48;2;255;205;205m[38;2;255;205;205m▄[0m[48;2;255;205;205m[38;2;255;205;205m▄[0m[48;2;255;205;205m[38;2;255;205;205m▄[0m[48;2;255;205;205m[38;2;139;90;90m▄[0m[48;2;255;205;205m[38;2;255;205;205m▄[0m[48;2;255;205;205m[38;2;255;205;205m▄[0m[48;2;255;205;205m[38;2;255;205;205m▄[0m[48;2;255;205;205m[38;2;255;205;205m▄[0m[48;2;255;205;205m[38;2;213;164;148m▄[0m[48;2;65;65;65m[38;2;255;205;205m▄[0m[48;2;213;164;148m[38;2;65;65;65m▄[0m[48;2;139;90;90m[38;2;139;90;90m▄[0m[48;2;139;90;90m[38;2;213;164;148m▄[0m[48;2;213;164;148m[38;2;213;164;148m▄[0m[48;2;0;0;0m[38;2;0;0;0m▄[0m     
       [38;2;0;0;0m▀[0m[48;2;255;205;205m[38;2;0;0;0m▄[0m[48;2;255;205;205m[38;2;255;205;205m▄[0m[48;2;255;205;205m[38;2;255;205;205m▄[0m[48;2;255;205;205m[38;2;255;205;205m▄[0m[48;2;255;205;205m[38;2;255;205;205m▄[0m[48;2;255;205;205m[38;2;255;205;205m▄[0m[48;2;255;205;205m[38;2;255;205;205m▄[0m[48;2;255;205;205m[38;2;213;164;148m▄[0m[48;2;255;205;205m[38;2;255;205;205m▄[0m[48;2;255;205;205m[38;2;213;164;148m▄[0m[48;2;213;164;148m[38;2;255;205;205m▄[0m[48;2;213;164;148m[38;2;213;164;148m▄[0m[48;2;213;164;148m[38;2;213;164;148m▄[0m[48;2;65;65;65m[38;2;213;164;148m▄[0m[48;2;65;65;65m[38;2;213;164;148m▄[0m[48;2;255;205;205m[38;2;65;65;65m▄[0m[48;2;213;164;148m[38;2;65;65;65m▄[0m[48;2;255;205;205m[38;2;65;65;65m▄[0m[48;2;65;65;65m[38;2;213;164;148m▄[0m[48;2;213;164;148m[38;2;213;164;148m▄[0m[48;2;213;164;148m[38;2;0;0;0m▄[0m[48;2;213;164;148m[38;2;0;0;0m▄[0m[38;2;0;0;0m▀[0m      
        [38;2;0;0;0m▀[0m[48;2;139;90;90m[38;2;0;0;0m▄[0m[48;2;255;205;205m[38;2;139;90;90m▄[0m[48;2;255;205;205m[38;2;139;90;90m▄[0m[48;2;255;205;205m[38;2;213;164;148m▄[0m[48;2;213;164;148m[38;2;213;164;148m▄[0m[48;2;213;164;148m[38;2;213;164;148m▄[0m[48;2;255;205;205m[38;2;213;164;148m▄[0m[48;2;213;164;148m[38;2;213;164;148m▄[0m[48;2;255;205;205m[38;2;213;164;148m▄[0m[48;2;213;164;148m[38;2;213;164;148m▄[0m[48;2;213;164;148m[38;2;213;164;148m▄[0m[48;2;213;164;148m[38;2;213;164;148m▄[0m[48;2;213;164;148m[38;2;213;164;148m▄[0m[48;2;213;164;148m[38;2;213;164;148m▄[0m[48;2;213;164;148m[38;2;213;164;148m▄[0m[48;2;213;164;148m[38;2;213;164;148m▄[0m[48;2;0;0;0m[38;2;0;0;0m▄[0m[38;2;0;0;0m▀[0m[38;2;0;0;0m▀[0m         
         [38;2;0;0;0m▀[0m[48;2;213;164;148m[38;2;0;0;0m▄[0m[48;2;213;164;148m[38;2;213;213;213m▄[0m[48;2;139;90;90m[38;2;213;213;213m▄[0m[48;2;139;90;90m[38;2;213;164;148m▄[0m[48;2;213;164;148m[38;2;139;90;90m▄[0m[48;2;213;164;148m[38;2;0;0;0m▄[0m[48;2;213;164;148m[38;2;65;65;65m▄[0m[48;2;213;164;148m[38;2;139;90;90m▄[0m[48;2;213;164;148m[38;2;213;164;148m▄[0m[48;2;213;164;148m[38;2;213;164;148m▄[0m[48;2;213;164;148m[38;2;213;164;148m▄[0m[48;2;213;164;148m[38;2;213;164;148m▄[0m[48;2;213;164;148m[38;2;213;164;148m▄[0m[48;2;213;164;148m[38;2;139;90;90m▄[0m[48;2;0;0;0m[38;2;0;0;0m▄[0m            
           [38;2;0;0;0m▀[0m[38;2;0;0;0m▀[0m[38;2;0;0;0m▀[0m[38;2;0;0;0m▀[0m [38;2;0;0;0m▀[0m[48;2;213;164;148m[38;2;0;0;0m▄[0m[48;2;213;164;148m[38;2;255;255;255m▄[0m[48;2;213;164;148m[38;2;213;213;213m▄[0m[48;2;213;164;148m[38;2;255;255;255m▄[0m[48;2;213;164;148m[38;2;0;0;0m▄[0m[48;2;213;164;148m[38;2;0;0;0m▄[0m[38;2;0;0;0m▀[0m             
                  [38;2;0;0;0m▀[0m[38;2;0;0;0m▀[0m[38;2;0;0;0m▀[0m                