   [38;2;0;0;0m▄[0m[48;2;0;0;0m[38;2;66;173;74m▄[0m[38;2;0;0;0m▄[0m            
   [48;2;0;0;0m[38;2;0;0;0m▄[0m[48;2;66;173;74m[38;2;66;173;74m▄[0m[48;2;66;173;74m[38;2;66;173;74m▄[0m[48;2;0;0;0m[38;2;65;65;65m▄[0m[38;2;0;0;0m▄[0m[38;2;0;0;0m▄[0m[48;2;0;0;0m[38;2;66;173;74m▄[0m[48;2;0;0;0m[38;2;66;173;74m▄[0m[48;2;0;0;0m[38;2;66;173;74m▄[0m[38;2;0;0;0m▄[0m     
    [38;2;0;0;0m▀[0m[48;2;66;173;74m[38;2;0;0;0m▄[0m[48;2;65;65;65m[38;2;65;65;65m▄[0m[48;2;189;165;90m[38;2;189;165;90m▄[0m[48;2;66;173;74m[38;2;65;65;65m▄[0m[48;2;66;173;74m[38;2;0;0;0m▄[0m[48;2;66;173;74m[38;2;0;0;0m▄[0m[38;2;0;0;0m▀[0m      
    [38;2;0;0;0m▄[0m[38;2;0;0;0m▄[0m[48;2;0;0;0m[38;2;189;165;90m▄[0m[48;2;165;123;74m[38;2;189;165;90m▄[0m[48;2;0;0;0m[38;2;189;165;90m▄[0m[38;2;0;0;0m▄[0m        
  [38;2;65;65;65m▄[0m[48;2;0;0;0m[38;2;189;230;132m▄[0m[48;2;189;230;132m[38;2;189;230;132m▄[0m[48;2;189;165;90m[38;2;189;230;132m▄[0m[48;2;189;165;90m[38;2;189;230;132m▄[0m[48;2;189;230;132m[38;2;189;230;132m▄[0m[48;2;189;165;90m[38;2;189;230;132m▄[0m[48;2;189;230;132m[38;2;189;230;132m▄[0m[48;2;0;0;0m[38;2;65;65;65m▄[0m[38;2;0;0;0m▄[0m[38;2;0;0;0m▄[0m     
[38;2;0;0;0m▄[0m[48;2;0;0;0m[38;2;206;197;107m▄[0m[48;2;189;230;132m[38;2;156;197;74m▄[0m[48;2;189;230;132m[38;2;189;230;132m▄[0m[48;2;189;230;132m[38;2;189;230;132m▄[0m[48;2;189;230;132m[38;2;189;230;132m▄[0m[48;2;189;230;132m[38;2;247;230;82m▄[0m[48;2;247;230;82m[38;2;0;0;0m▄[0m[48;2;189;230;132m[38;2;247;230;82m▄[0m[48;2;189;230;132m[38;2;189;230;132m▄[0m[48;2;189;230;132m[38;2;189;165;90m▄[0m[48;2;65;65;65m[38;2;65;65;65m▄[0m[48;2;165;123;74m[38;2;165;123;74m▄[0m[48;2;0;0;0m[38;2;165;123;74m▄[0m[48;2;0;0;0m[38;2;65;65;65m▄[0m[38;2;0;0;0m▄[0m  
[38;2;0;0;0m▀[0m[48;2;206;197;107m[38;2;0;0;0m▄[0m[48;2;189;230;132m[38;2;189;230;132m▄[0m[48;2;189;230;132m[38;2;189;230;132m▄[0m[48;2;115;140;74m[38;2;189;230;132m▄[0m[48;2;189;230;132m[38;2;189;230;132m▄[0m[48;2;247;230;82m[38;2;189;230;132m▄[0m[48;2;0;0;0m[38;2;247;230;82m▄[0m[48;2;247;230;82m[38;2;189;230;132m▄[0m[48;2;189;165;90m[38;2;189;165;90m▄[0m[48;2;247;230;82m[38;2;247;230;82m▄[0m[48;2;189;165;90m[38;2;247;230;82m▄[0m[48;2;65;65;65m[38;2;65;65;65m▄[0m[48;2;165;123;74m[38;2;165;123;74m▄[0m[48;2;65;65;65m[38;2;65;65;65m▄[0m[48;2;0;0;0m[38;2;65;65;65m▄[0m[38;2;0;0;0m▄[0m 
 [38;2;0;0;0m▀[0m[48;2;189;230;132m[38;2;0;0;0m▄[0m[48;2;189;230;132m[38;2;189;230;132m▄[0m[48;2;189;230;132m[38;2;189;230;132m▄[0m[48;2;189;230;132m[38;2;189;165;90m▄[0m[48;2;189;230;132m[38;2;189;165;90m▄[0m[48;2;189;230;132m[38;2;189;165;90m▄[0m[48;2;189;165;90m[38;2;206;197;107m▄[0m[48;2;247;230;82m[38;2;206;197;107m▄[0m[48;2;247;230;82m[38;2;247;230;82m▄[0m[48;2;206;197;107m[38;2;65;65;65m▄[0m[48;2;65;65;65m[38;2;156;197;74m▄[0m[48;2;65;65;65m[38;2;65;65;65m▄[0m[48;2;65;65;65m[38;2;65;65;65m▄[0m[48;2;65;65;65m[38;2;156;197;74m▄[0m[48;2;0;0;0m[38;2;0;0;0m▄[0m 
   [38;2;0;0;0m▀[0m[48;2;189;165;90m[38;2;0;0;0m▄[0m[48;2;206;197;107m[38;2;65;65;65m▄[0m[48;2;206;197;107m[38;2;65;65;65m▄[0m[48;2;206;197;107m[38;2;65;65;65m▄[0m[48;2;206;197;107m[38;2;65;65;65m▄[0m[48;2;65;65;65m[38;2;156;197;74m▄[0m[48;2;65;65;65m[38;2;156;197;74m▄[0m[48;2;156;197;74m[38;2;156;197;74m▄[0m[48;2;156;197;74m[38;2;115;140;74m▄[0m[48;2;156;197;74m[38;2;156;197;74m▄[0m[48;2;156;197;74m[38;2;115;140;74m▄[0m[48;2;115;140;74m[38;2;156;197;74m▄[0m[48;2;156;197;74m[38;2;156;197;74m▄[0m[48;2;0;0;0m[38;2;0;0;0m▄[0m
    [38;2;0;0;0m▀[0m[48;2;115;140;74m[38;2;0;0;0m▄[0m[48;2;115;140;74m[38;2;0;0;0m▄[0m[38;2;0;0;0m▀[0m[48;2;156;197;74m[38;2;0;0;0m▄[0m[48;2;115;140;74m[38;2;65;65;65m▄[0m[48;2;156;197;74m[38;2;189;230;132m▄[0m[48;2;189;230;132m[38;2;189;230;132m▄[0m[48;2;156;197;74m[38;2;189;230;132m▄[0m[48;2;115;140;74m[38;2;0;0;0m▄[0m[38;2;0;0;0m▀[0m[48;2;189;165;90m[38;2;0;0;0m▄[0m[48;2;189;165;90m[38;2;0;0;0m▄[0m[38;2;0;0;0m▀[0m
         [38;2;0;0;0m▀[0m[48;2;189;165;90m[38;2;0;0;0m▄[0m[48;2;247;230;82m[38;2;0;0;0m▄[0m[48;2;189;165;90m[38;2;0;0;0m▄[0m[38;2;0;0;0m▀[0m    