      [38;2;0;0;0m▄[0m[38;2;0;0;0m▄[0m[48;2;0;0;0m[38;2;255;255;255m▄[0m[48;2;0;0;0m[38;2;65;65;65m▄[0m[38;2;0;0;0m▄[0m               
    [38;2;0;0;0m▄[0m[48;2;0;0;0m[38;2;132;132;132m▄[0m[48;2;65;65;65m[38;2;132;132;132m▄[0m[48;2;255;255;255m[38;2;65;65;65m▄[0m[48;2;255;255;255m[38;2;189;189;189m▄[0m[48;2;255;255;255m[38;2;65;65;65m▄[0m[48;2;0;0;0m[38;2;132;132;132m▄[0m[38;2;0;0;0m▄[0m[38;2;0;0;0m▄[0m [38;2;0;0;0m▄[0m[38;2;0;0;0m▄[0m[48;2;0;0;0m[38;2;255;255;255m▄[0m[48;2;0;0;0m[38;2;65;65;65m▄[0m[38;2;0;0;0m▄[0m       
    [48;2;0;0;0m[38;2;0;0;0m▄[0m[48;2;132;132;132m[38;2;132;132;132m▄[0m[48;2;132;132;132m[38;2;65;65;65m▄[0m[48;2;132;132;132m[38;2;65;65;65m▄[0m[48;2;132;132;132m[38;2;132;132;132m▄[0m[48;2;132;132;132m[38;2;132;132;132m▄[0m[48;2;132;132;132m[38;2;132;132;132m▄[0m[48;2;132;132;132m[38;2;132;132;132m▄[0m[48;2;132;132;132m[38;2;132;132;132m▄[0m[48;2;0;0;0m[38;2;132;132;132m▄[0m[48;2;65;65;65m[38;2;132;132;132m▄[0m[48;2;255;255;255m[38;2;65;65;65m▄[0m[48;2;255;255;255m[38;2;189;189;189m▄[0m[48;2;255;255;255m[38;2;65;65;65m▄[0m[48;2;0;0;0m[38;2;132;132;132m▄[0m[38;2;0;0;0m▄[0m      
   [48;2;0;0;0m[38;2;0;0;0m▄[0m[48;2;132;132;132m[38;2;132;132;132m▄[0m[48;2;65;65;65m[38;2;65;65;65m▄[0m[48;2;247;222;115m[38;2;65;65;65m▄[0m[48;2;247;222;115m[38;2;65;65;65m▄[0m[48;2;65;65;65m[38;2;65;65;65m▄[0m[48;2;132;132;132m[38;2;132;132;132m▄[0m[48;2;132;132;132m[38;2;132;132;132m▄[0m[48;2;132;132;132m[38;2;132;132;132m▄[0m[48;2;132;132;132m[38;2;65;65;65m▄[0m[48;2;132;132;132m[38;2;65;65;65m▄[0m[48;2;132;132;132m[38;2;132;132;132m▄[0m[48;2;132;132;132m[38;2;132;132;132m▄[0m[48;2;132;132;132m[38;2;132;132;132m▄[0m[48;2;132;132;132m[38;2;132;132;132m▄[0m[48;2;132;132;132m[38;2;0;0;0m▄[0m[38;2;0;0;0m▀[0m      
  [38;2;0;0;0m▄[0m[48;2;0;0;0m[38;2;132;132;132m▄[0m[48;2;132;132;132m[38;2;65;65;65m▄[0m[48;2;65;65;65m[38;2;247;222;115m▄[0m[48;2;65;65;65m[38;2;247;222;115m▄[0m[48;2;65;65;65m[38;2;65;65;65m▄[0m[48;2;65;65;65m[38;2;132;132;132m▄[0m[48;2;132;132;132m[38;2;132;132;132m▄[0m[48;2;132;132;132m[38;2;107;107;107m▄[0m[48;2;65;65;65m[38;2;65;65;65m▄[0m[48;2;247;222;115m[38;2;65;65;65m▄[0m[48;2;247;222;115m[38;2;65;65;65m▄[0m[48;2;65;65;65m[38;2;65;65;65m▄[0m[48;2;132;132;132m[38;2;132;132;132m▄[0m[48;2;132;132;132m[38;2;65;65;65m▄[0m[48;2;65;65;65m[38;2;65;65;65m▄[0m[48;2;132;132;132m[38;2;65;65;65m▄[0m[48;2;0;0;0m[38;2;189;189;189m▄[0m[48;2;0;0;0m[38;2;65;65;65m▄[0m[38;2;0;0;0m▄[0m    
[38;2;0;0;0m▄[0m[48;2;0;0;0m[38;2;189;189;189m▄[0m[48;2;0;0;0m[38;2;189;189;189m▄[0m[48;2;65;65;65m[38;2;189;189;189m▄[0m[48;2;65;65;65m[38;2;132;132;132m▄[0m[48;2;65;65;65m[38;2;65;65;65m▄[0m[48;2;65;65;65m[38;2;65;65;65m▄[0m[48;2;132;132;132m[38;2;132;132;132m▄[0m[48;2;132;132;132m[38;2;132;132;132m▄[0m[48;2;107;107;107m[38;2;107;107;107m▄[0m[48;2;107;107;107m[38;2;65;65;65m▄[0m[48;2;65;65;65m[38;2;247;222;115m▄[0m[48;2;65;65;65m[38;2;247;222;115m▄[0m[48;2;132;132;132m[38;2;65;65;65m▄[0m[48;2;132;132;132m[38;2;132;132;132m▄[0m[48;2;132;132;132m[38;2;107;107;107m▄[0m[48;2;65;65;65m[38;2;65;65;65m▄[0m[48;2;107;107;107m[38;2;107;107;107m▄[0m[48;2;107;107;107m[38;2;107;107;107m▄[0m[48;2;65;65;65m[38;2;132;132;132m▄[0m[48;2;65;65;65m[38;2;132;132;132m▄[0m[48;2;189;189;189m[38;2;65;65;65m▄[0m[48;2;0;0;0m[38;2;0;0;0m▄[0m   
 [38;2;0;0;0m▀[0m[48;2;0;0;0m[38;2;0;0;0m▄[0m[48;2;189;189;189m[38;2;65;65;65m▄[0m[48;2;189;189;189m[38;2;65;65;65m▄[0m[48;2;65;65;65m[38;2;65;65;65m▄[0m[48;2;132;132;132m[38;2;132;132;132m▄[0m[48;2;132;132;132m[38;2;132;132;132m▄[0m[48;2;107;107;107m[38;2;107;107;107m▄[0m[48;2;107;107;107m[38;2;65;65;65m▄[0m[48;2;65;65;65m[38;2;255;255;255m▄[0m[48;2;65;65;65m[38;2;189;189;189m▄[0m[48;2;65;65;65m[38;2;65;65;65m▄[0m[48;2;65;65;65m[38;2;65;65;65m▄[0m[48;2;132;132;132m[38;2;65;65;65m▄[0m[48;2;65;65;65m[38;2;65;65;65m▄[0m[48;2;197;173;90m[38;2;197;173;90m▄[0m[48;2;197;173;90m[38;2;197;173;90m▄[0m[48;2;107;107;107m[38;2;247;222;115m▄[0m[48;2;247;222;115m[38;2;247;222;115m▄[0m[48;2;132;132;132m[38;2;247;222;115m▄[0m[48;2;247;222;115m[38;2;247;222;115m▄[0m[48;2;0;0;0m[38;2;247;222;115m▄[0m[38;2;0;0;0m▄[0m[48;2;0;0;0m[38;2;132;132;132m▄[0m[38;2;0;0;0m▄[0m
 [48;2;0;0;0m[38;2;0;0;0m▄[0m[48;2;255;255;255m[38;2;255;255;255m▄[0m[48;2;65;65;65m[38;2;107;107;107m▄[0m[48;2;197;173;90m[38;2;255;255;255m▄[0m[48;2;0;0;0m[38;2;65;65;65m▄[0m[48;2;132;132;132m[38;2;107;107;107m▄[0m[48;2;132;132;132m[38;2;132;132;132m▄[0m[48;2;107;107;107m[38;2;107;107;107m▄[0m[48;2;255;255;255m[38;2;65;65;65m▄[0m[48;2;255;255;255m[38;2;65;65;65m▄[0m[48;2;255;255;255m[38;2;65;65;65m▄[0m[48;2;255;255;255m[38;2;132;132;132m▄[0m[48;2;255;255;255m[38;2;189;189;189m▄[0m[48;2;189;189;189m[38;2;255;255;255m▄[0m[48;2;65;65;65m[38;2;255;255;255m▄[0m[48;2;65;65;65m[38;2;255;255;255m▄[0m[48;2;247;222;115m[38;2;65;65;65m▄[0m[48;2;247;222;115m[38;2;247;222;115m▄[0m[48;2;247;222;115m[38;2;65;65;65m▄[0m[48;2;247;222;115m[38;2;65;65;65m▄[0m[48;2;247;222;115m[38;2;197;173;90m▄[0m[48;2;247;222;115m[38;2;65;65;65m▄[0m[48;2;65;65;65m[38;2;132;132;132m▄[0m[48;2;132;132;132m[38;2;107;107;107m▄[0m[48;2;0;0;0m[38;2;0;0;0m▄[0m
 [38;2;0;0;0m▀[0m[48;2;107;107;107m[38;2;0;0;0m▄[0m[48;2;107;107;107m[38;2;132;132;132m▄[0m[48;2;255;255;255m[38;2;107;107;107m▄[0m[48;2;107;107;107m[38;2;107;107;107m▄[0m[48;2;65;65;65m[38;2;65;65;65m▄[0m[48;2;132;132;132m[38;2;132;132;132m▄[0m[48;2;107;107;107m[38;2;65;65;65m▄[0m[48;2;65;65;65m[38;2;255;255;255m▄[0m[48;2;197;173;90m[38;2;65;65;65m▄[0m[48;2;0;0;0m[38;2;247;222;115m▄[0m[48;2;247;222;115m[38;2;65;65;65m▄[0m[48;2;65;65;65m[38;2;132;132;132m▄[0m[48;2;65;65;65m[38;2;132;132;132m▄[0m[48;2;65;65;65m[38;2;65;65;65m▄[0m[48;2;65;65;65m[38;2;132;132;132m▄[0m[48;2;132;132;132m[38;2;132;132;132m▄[0m[48;2;65;65;65m[38;2;65;65;65m▄[0m[48;2;132;132;132m[38;2;132;132;132m▄[0m[48;2;65;65;65m[38;2;65;65;65m▄[0m[48;2;197;173;90m[38;2;65;65;65m▄[0m[48;2;107;107;107m[38;2;107;107;107m▄[0m[48;2;107;107;107m[38;2;107;107;107m▄[0m[48;2;0;0;0m[38;2;0;0;0m▄[0m 
   [38;2;0;0;0m▀[0m[48;2;132;132;132m[38;2;0;0;0m▄[0m[48;2;132;132;132m[38;2;0;0;0m▄[0m[48;2;132;132;132m[38;2;0;0;0m▄[0m[48;2;65;65;65m[38;2;132;132;132m▄[0m[48;2;107;107;107m[38;2;107;107;107m▄[0m[48;2;255;255;255m[38;2;107;107;107m▄[0m[48;2;107;107;107m[38;2;132;132;132m▄[0m[48;2;107;107;107m[38;2;107;107;107m▄[0m[48;2;255;255;255m[38;2;255;255;255m▄[0m[48;2;107;107;107m[38;2;107;107;107m▄[0m[48;2;132;132;132m[38;2;65;65;65m▄[0m[48;2;65;65;65m[38;2;132;132;132m▄[0m[48;2;107;107;107m[38;2;107;107;107m▄[0m[48;2;132;132;132m[38;2;107;107;107m▄[0m[48;2;107;107;107m[38;2;107;107;107m▄[0m[48;2;132;132;132m[38;2;107;107;107m▄[0m[48;2;65;65;65m[38;2;0;0;0m▄[0m[48;2;189;189;189m[38;2;189;189;189m▄[0m[48;2;65;65;65m[38;2;65;65;65m▄[0m[48;2;189;189;189m[38;2;0;0;0m▄[0m[38;2;0;0;0m▀[0m 
       [38;2;0;0;0m▀[0m[38;2;0;0;0m▀[0m[38;2;0;0;0m▀[0m[48;2;65;65;65m[38;2;0;0;0m▄[0m[48;2;132;132;132m[38;2;0;0;0m▄[0m[48;2;107;107;107m[38;2;0;0;0m▄[0m[48;2;107;107;107m[38;2;0;0;0m▄[0m[38;2;0;0;0m▀[0m[48;2;107;107;107m[38;2;0;0;0m▄[0m[48;2;189;189;189m[38;2;189;189;189m▄[0m[48;2;107;107;107m[38;2;107;107;107m▄[0m[48;2;107;107;107m[38;2;189;189;189m▄[0m[48;2;0;0;0m[38;2;0;0;0m▄[0m [38;2;0;0;0m▀[0m[38;2;0;0;0m▀[0m   
                [38;2;0;0;0m▀[0m[38;2;0;0;0m▀[0m[38;2;0;0;0m▀[0m       