        [48;2;0;0;0m[38;2;0;0;0m▄[0m[48;2;0;0;0m[38;2;115;90;165m▄[0m[38;2;0;0;0m▄[0m                  
  [38;2;0;0;0m▄[0m[38;2;0;0;0m▄[0m [38;2;0;0;0m▄[0m[38;2;0;0;0m▄[0m  [48;2;0;0;0m[38;2;0;0;0m▄[0m[48;2;115;90;165m[38;2;115;90;165m▄[0m[48;2;0;0;0m[38;2;0;0;0m▄[0m [38;2;0;0;0m▄[0m[48;2;0;0;0m[38;2;148;123;206m▄[0m[48;2;0;0;0m[38;2;148;123;206m▄[0m[48;2;0;0;0m[38;2;148;123;206m▄[0m[38;2;0;0;0m▄[0m           
 [48;2;0;0;0m[38;2;0;0;0m▄[0m[48;2;197;82;90m[38;2;165;66;74m▄[0m[48;2;165;66;74m[38;2;197;82;90m▄[0m[48;2;0;0;0m[38;2;65;65;65m▄[0m[48;2;197;82;90m[38;2;197;82;90m▄[0m[48;2;165;66;74m[38;2;65;65;65m▄[0m[48;2;0;0;0m[38;2;197;82;90m▄[0m[38;2;0;0;0m▄[0m[38;2;0;0;0m▀[0m[48;2;65;65;65m[38;2;0;0;0m▄[0m[48;2;115;90;165m[38;2;115;90;165m▄[0m[48;2;65;65;65m[38;2;148;123;206m▄[0m[48;2;148;123;206m[38;2;148;123;206m▄[0m[48;2;148;123;206m[38;2;0;0;0m▄[0m[38;2;0;0;0m▀[0m[38;2;0;0;0m▀[0m            
 [38;2;0;0;0m▄[0m[48;2;0;0;0m[38;2;214;181;99m▄[0m[48;2;214;181;99m[38;2;214;181;99m▄[0m[48;2;65;65;65m[38;2;214;181;99m▄[0m[48;2;214;181;99m[38;2;65;65;65m▄[0m[48;2;65;65;65m[38;2;115;90;165m▄[0m[48;2;197;82;90m[38;2;0;0;0m▄[0m[38;2;0;0;0m▀[0m [48;2;0;0;0m[38;2;0;0;0m▄[0m[48;2;65;65;65m[38;2;115;90;165m▄[0m[48;2;148;123;206m[38;2;148;123;206m▄[0m[48;2;0;0;0m[38;2;0;0;0m▄[0m[38;2;0;0;0m▄[0m     [38;2;0;0;0m▄[0m[48;2;0;0;0m[38;2;247;99;107m▄[0m[48;2;0;0;0m[38;2;197;82;90m▄[0m[38;2;0;0;0m▄[0m[48;2;0;0;0m[38;2;197;82;90m▄[0m[48;2;0;0;0m[38;2;247;99;107m▄[0m[38;2;0;0;0m▄[0m[38;2;0;0;0m▄[0m 
[38;2;0;0;0m▄[0m[48;2;0;0;0m[38;2;115;90;165m▄[0m[48;2;214;181;99m[38;2;65;65;65m▄[0m[48;2;214;181;99m[38;2;214;181;99m▄[0m[48;2;65;65;65m[38;2;65;65;65m▄[0m[48;2;115;90;165m[38;2;197;82;90m▄[0m[48;2;115;90;165m[38;2;115;90;165m▄[0m[48;2;115;90;165m[38;2;65;65;65m▄[0m[48;2;0;0;0m[38;2;148;123;206m▄[0m[48;2;0;0;0m[38;2;148;123;206m▄[0m[48;2;148;123;206m[38;2;148;123;206m▄[0m[48;2;148;123;206m[38;2;148;123;206m▄[0m[48;2;115;90;165m[38;2;148;123;206m▄[0m[48;2;148;123;206m[38;2;148;123;206m▄[0m[48;2;65;65;65m[38;2;148;123;206m▄[0m[48;2;0;0;0m[38;2;148;123;206m▄[0m[38;2;0;0;0m▄[0m [38;2;0;0;0m▄[0m[38;2;0;0;0m▄[0m[38;2;0;0;0m▀[0m[48;2;197;82;90m[38;2;0;0;0m▄[0m[48;2;247;99;107m[38;2;247;222;140m▄[0m[48;2;0;0;0m[38;2;65;65;65m▄[0m[48;2;247;99;107m[38;2;247;222;140m▄[0m[48;2;65;65;65m[38;2;65;65;65m▄[0m[48;2;197;82;90m[38;2;247;99;107m▄[0m[48;2;247;99;107m[38;2;247;99;107m▄[0m[48;2;0;0;0m[38;2;0;0;0m▄[0m
[38;2;0;0;0m▀[0m[48;2;115;90;165m[38;2;0;0;0m▄[0m[48;2;115;90;165m[38;2;0;0;0m▄[0m[48;2;115;90;165m[38;2;0;0;0m▄[0m[48;2;65;65;65m[38;2;65;65;65m▄[0m[48;2;197;82;90m[38;2;115;90;165m▄[0m[48;2;65;65;65m[38;2;65;65;65m▄[0m[48;2;148;123;206m[38;2;214;181;99m▄[0m[48;2;247;222;140m[38;2;247;222;140m▄[0m[48;2;148;123;206m[38;2;247;222;140m▄[0m[48;2;148;123;206m[38;2;247;222;140m▄[0m[48;2;214;181;99m[38;2;247;222;140m▄[0m[48;2;247;222;140m[38;2;247;222;140m▄[0m[48;2;148;123;206m[38;2;247;222;140m▄[0m[48;2;148;123;206m[38;2;148;123;206m▄[0m[48;2;148;123;206m[38;2;148;123;206m▄[0m[48;2;148;123;206m[38;2;65;65;65m▄[0m[48;2;0;0;0m[38;2;148;123;206m▄[0m[48;2;148;123;206m[38;2;148;123;206m▄[0m[48;2;148;123;206m[38;2;148;123;206m▄[0m[48;2;0;0;0m[38;2;65;65;65m▄[0m[38;2;0;0;0m▄[0m[48;2;0;0;0m[38;2;247;222;140m▄[0m[48;2;247;222;140m[38;2;247;222;140m▄[0m[48;2;247;222;140m[38;2;247;222;140m▄[0m[48;2;214;181;99m[38;2;247;222;140m▄[0m[48;2;247;222;140m[38;2;247;222;140m▄[0m[48;2;214;181;99m[38;2;0;0;0m▄[0m[38;2;0;0;0m▀[0m
   [38;2;0;0;0m▀[0m[48;2;115;90;165m[38;2;0;0;0m▄[0m[48;2;65;65;65m[38;2;0;0;0m▄[0m[48;2;148;123;206m[38;2;148;123;206m▄[0m[48;2;247;222;140m[38;2;247;222;140m▄[0m[48;2;247;222;140m[38;2;247;222;140m▄[0m[48;2;247;222;140m[38;2;247;222;140m▄[0m[48;2;247;222;140m[38;2;247;222;140m▄[0m[48;2;247;222;140m[38;2;247;222;140m▄[0m[48;2;255;255;255m[38;2;0;0;0m▄[0m[48;2;247;222;140m[38;2;255;255;255m▄[0m[48;2;214;181;99m[38;2;247;222;140m▄[0m[48;2;148;123;206m[38;2;148;123;206m▄[0m[48;2;65;65;65m[38;2;148;123;206m▄[0m[48;2;148;123;206m[38;2;247;99;107m▄[0m[48;2;247;99;107m[38;2;247;99;107m▄[0m[48;2;148;123;206m[38;2;148;123;206m▄[0m[48;2;65;65;65m[38;2;0;0;0m▄[0m[48;2;65;65;65m[38;2;148;123;206m▄[0m[48;2;247;222;140m[38;2;115;90;165m▄[0m[48;2;247;222;140m[38;2;247;222;140m▄[0m[48;2;247;222;140m[38;2;247;222;140m▄[0m[48;2;247;222;140m[38;2;247;222;140m▄[0m[48;2;247;222;140m[38;2;115;90;165m▄[0m[48;2;0;0;0m[38;2;148;123;206m▄[0m[38;2;0;0;0m▄[0m
    [38;2;0;0;0m▄[0m[38;2;0;0;0m▄[0m[38;2;0;0;0m▀[0m[48;2;214;181;99m[38;2;0;0;0m▄[0m[48;2;148;123;206m[38;2;214;181;99m▄[0m[48;2;148;123;206m[38;2;247;222;140m▄[0m[48;2;247;222;140m[38;2;247;222;140m▄[0m[48;2;247;222;140m[38;2;247;222;140m▄[0m[48;2;0;0;0m[38;2;255;255;255m▄[0m[48;2;255;255;255m[38;2;247;222;140m▄[0m[48;2;247;222;140m[38;2;247;222;140m▄[0m[48;2;148;123;206m[38;2;148;123;206m▄[0m[48;2;65;65;65m[38;2;148;123;206m▄[0m[48;2;247;99;107m[38;2;0;0;0m▄[0m[48;2;148;123;206m[38;2;0;0;0m▄[0m[38;2;0;0;0m▀[0m [38;2;0;0;0m▀[0m[48;2;148;123;206m[38;2;0;0;0m▄[0m[48;2;115;90;165m[38;2;0;0;0m▄[0m[48;2;65;65;65m[38;2;115;90;165m▄[0m[48;2;115;90;165m[38;2;65;65;65m▄[0m[48;2;148;123;206m[38;2;0;0;0m▄[0m[48;2;115;90;165m[38;2;0;0;0m▄[0m[38;2;0;0;0m▀[0m
    [38;2;0;0;0m▀[0m[48;2;115;90;165m[38;2;0;0;0m▄[0m[48;2;0;0;0m[38;2;115;90;165m▄[0m[48;2;0;0;0m[38;2;115;90;165m▄[0m[48;2;65;65;65m[38;2;115;90;165m▄[0m[48;2;65;65;65m[38;2;115;90;165m▄[0m[48;2;255;255;255m[38;2;65;65;65m▄[0m[48;2;189;189;181m[38;2;65;65;65m▄[0m[48;2;247;222;140m[38;2;65;65;65m▄[0m[48;2;247;222;140m[38;2;0;0;0m▄[0m[48;2;148;123;206m[38;2;0;0;0m▄[0m[38;2;0;0;0m▀[0m[38;2;0;0;0m▀[0m     [38;2;0;0;0m▄[0m[48;2;0;0;0m[38;2;115;90;165m▄[0m[48;2;115;90;165m[38;2;148;123;206m▄[0m[48;2;0;0;0m[38;2;0;0;0m▄[0m   
      [38;2;0;0;0m▀[0m[38;2;0;0;0m▀[0m[38;2;0;0;0m▀[0m[48;2;0;0;0m[38;2;0;0;0m▄[0m[48;2;65;65;65m[38;2;247;222;140m▄[0m[48;2;148;123;206m[38;2;148;123;206m▄[0m[48;2;148;123;206m[38;2;65;65;65m▄[0m[48;2;0;0;0m[38;2;148;123;206m▄[0m[38;2;0;0;0m▄[0m[38;2;0;0;0m▄[0m[38;2;0;0;0m▄[0m[38;2;0;0;0m▄[0m[38;2;0;0;0m▄[0m[38;2;0;0;0m▄[0m[38;2;0;0;0m▄[0m[48;2;0;0;0m[38;2;148;123;206m▄[0m[48;2;115;90;165m[38;2;148;123;206m▄[0m[48;2;148;123;206m[38;2;0;0;0m▄[0m[38;2;0;0;0m▀[0m    
        [48;2;0;0;0m[38;2;0;0;0m▄[0m[48;2;115;90;165m[38;2;65;65;65m▄[0m[48;2;214;181;99m[38;2;214;181;99m▄[0m[48;2;247;222;140m[38;2;65;65;65m▄[0m[48;2;65;65;65m[38;2;148;123;206m▄[0m[48;2;148;123;206m[38;2;65;65;65m▄[0m[48;2;65;65;65m[38;2;115;90;165m▄[0m[48;2;115;90;165m[38;2;65;65;65m▄[0m[48;2;115;90;165m[38;2;0;0;0m▄[0m[48;2;115;90;165m[38;2;0;0;0m▄[0m[48;2;115;90;165m[38;2;0;0;0m▄[0m[48;2;148;123;206m[38;2;0;0;0m▄[0m[48;2;148;123;206m[38;2;0;0;0m▄[0m[38;2;0;0;0m▀[0m[38;2;0;0;0m▀[0m      
         [38;2;0;0;0m▀[0m[48;2;0;0;0m[38;2;0;0;0m▄[0m[48;2;148;123;206m[38;2;0;0;0m▄[0m[38;2;0;0;0m▀[0m[48;2;115;90;165m[38;2;0;0;0m▄[0m[48;2;115;90;165m[38;2;148;123;206m▄[0m[48;2;0;0;0m[38;2;148;123;206m▄[0m[38;2;0;0;0m▄[0m            
              [38;2;0;0;0m▀[0m[38;2;0;0;0m▀[0m             