 [38;2;0;0;0m▄[0m[48;2;0;0;0m[38;2;255;239;148m▄[0m[48;2;0;0;0m[38;2;206;189;90m▄[0m[48;2;0;0;0m[38;2;255;239;148m▄[0m[38;2;0;0;0m▄[0m            
[48;2;0;0;0m[38;2;0;0;0m▄[0m[48;2;255;239;148m[38;2;255;239;148m▄[0m[48;2;255;239;148m[38;2;255;239;148m▄[0m[48;2;255;239;148m[38;2;255;239;148m▄[0m[48;2;255;239;148m[38;2;255;239;148m▄[0m[48;2;255;239;148m[38;2;255;239;148m▄[0m[48;2;0;0;0m[38;2;189;132;99m▄[0m[38;2;0;0;0m▄[0m          
 [38;2;0;0;0m▀[0m[48;2;255;239;148m[38;2;0;0;0m▄[0m[48;2;206;189;90m[38;2;0;0;0m▄[0m[48;2;255;239;148m[38;2;0;0;0m▄[0m[48;2;148;99;66m[38;2;255;140;140m▄[0m[48;2;189;132;99m[38;2;148;99;66m▄[0m[48;2;0;0;0m[38;2;148;99;66m▄[0m[38;2;0;0;0m▄[0m  [38;2;0;0;0m▄[0m[38;2;0;0;0m▄[0m[38;2;0;0;0m▄[0m    
     [48;2;0;0;0m[38;2;0;0;0m▄[0m[48;2;255;140;140m[38;2;148;99;66m▄[0m[48;2;148;99;66m[38;2;148;99;66m▄[0m[48;2;0;0;0m[38;2;148;99;66m▄[0m[38;2;0;0;0m▄[0m[48;2;0;0;0m[38;2;189;132;99m▄[0m[48;2;189;132;99m[38;2;189;132;99m▄[0m[48;2;189;132;99m[38;2;148;99;66m▄[0m[48;2;148;99;66m[38;2;206;189;90m▄[0m[48;2;0;0;0m[38;2;255;239;148m▄[0m[48;2;0;0;0m[38;2;255;239;148m▄[0m[38;2;0;0;0m▄[0m 
   [38;2;0;0;0m▄[0m[48;2;0;0;0m[38;2;189;132;99m▄[0m[48;2;148;99;66m[38;2;189;132;99m▄[0m[48;2;189;132;99m[38;2;189;132;99m▄[0m[48;2;189;132;99m[38;2;189;132;99m▄[0m[48;2;189;132;99m[38;2;189;132;99m▄[0m[48;2;65;65;65m[38;2;65;65;65m▄[0m[48;2;189;132;99m[38;2;189;132;99m▄[0m[48;2;148;99;66m[38;2;189;132;99m▄[0m[48;2;206;189;90m[38;2;148;99;66m▄[0m[48;2;255;239;148m[38;2;255;239;148m▄[0m[48;2;255;239;148m[38;2;255;239;148m▄[0m[48;2;255;239;148m[38;2;255;239;148m▄[0m[48;2;255;239;148m[38;2;255;239;148m▄[0m[48;2;0;0;0m[38;2;0;0;0m▄[0m
  [48;2;0;0;0m[38;2;0;0;0m▄[0m[48;2;255;255;255m[38;2;0;0;0m▄[0m[48;2;189;132;99m[38;2;189;132;99m▄[0m[48;2;189;132;99m[38;2;189;132;99m▄[0m[48;2;189;132;99m[38;2;189;132;99m▄[0m[48;2;189;132;99m[38;2;189;132;99m▄[0m[48;2;189;132;99m[38;2;189;132;99m▄[0m[48;2;206;189;90m[38;2;189;132;99m▄[0m[48;2;65;65;65m[38;2;65;65;65m▄[0m[48;2;148;99;66m[38;2;189;132;99m▄[0m[48;2;206;189;90m[38;2;148;99;66m▄[0m[48;2;255;239;148m[38;2;148;99;66m▄[0m[48;2;255;239;148m[38;2;255;239;148m▄[0m[48;2;255;239;148m[38;2;206;189;90m▄[0m[48;2;0;0;0m[38;2;0;0;0m▄[0m 
  [38;2;0;0;0m▀[0m[48;2;189;132;99m[38;2;0;0;0m▄[0m[48;2;189;132;99m[38;2;189;132;99m▄[0m[48;2;255;140;140m[38;2;148;99;66m▄[0m[48;2;189;132;99m[38;2;189;132;99m▄[0m[48;2;189;132;99m[38;2;189;132;99m▄[0m[48;2;255;255;255m[38;2;0;0;0m▄[0m[48;2;0;0;0m[38;2;65;65;65m▄[0m[48;2;189;132;99m[38;2;148;99;66m▄[0m[48;2;65;65;65m[38;2;148;99;66m▄[0m[48;2;189;132;99m[38;2;65;65;65m▄[0m[48;2;189;132;99m[38;2;0;0;0m▄[0m[38;2;0;0;0m▀[0m[38;2;0;0;0m▀[0m  
    [38;2;0;0;0m▀[0m[48;2;148;99;66m[38;2;0;0;0m▄[0m[48;2;189;132;99m[38;2;65;65;65m▄[0m[48;2;148;99;66m[38;2;148;99;66m▄[0m[48;2;148;99;66m[38;2;148;99;66m▄[0m[48;2;148;99;66m[38;2;65;65;65m▄[0m[48;2;148;99;66m[38;2;0;0;0m▄[0m[38;2;0;0;0m▀[0m[38;2;0;0;0m▀[0m     
    [48;2;0;0;0m[38;2;0;0;0m▄[0m[48;2;148;99;66m[38;2;65;65;65m▄[0m[48;2;65;65;65m[38;2;206;189;90m▄[0m[48;2;148;99;66m[38;2;255;239;148m▄[0m[48;2;148;99;66m[38;2;206;189;90m▄[0m[48;2;189;132;99m[38;2;65;65;65m▄[0m[48;2;65;65;65m[38;2;189;132;99m▄[0m[48;2;0;0;0m[38;2;189;132;99m▄[0m[38;2;0;0;0m▄[0m     
    [38;2;0;0;0m▄[0m[48;2;0;0;0m[38;2;206;189;90m▄[0m[48;2;255;239;148m[38;2;0;0;0m▄[0m[48;2;255;239;148m[38;2;255;239;148m▄[0m[48;2;255;239;148m[38;2;255;239;148m▄[0m[48;2;255;239;148m[38;2;65;65;65m▄[0m[48;2;65;65;65m[38;2;65;65;65m▄[0m[48;2;148;99;66m[38;2;0;0;0m▄[0m[48;2;189;132;99m[38;2;0;0;0m▄[0m[38;2;0;0;0m▀[0m    
    [38;2;0;0;0m▀[0m[48;2;65;65;65m[38;2;0;0;0m▄[0m[48;2;206;189;90m[38;2;0;0;0m▄[0m[48;2;0;0;0m[38;2;0;0;0m▄[0m[38;2;0;0;0m▀[0m[48;2;206;189;90m[38;2;0;0;0m▄[0m[48;2;206;189;90m[38;2;0;0;0m▄[0m[38;2;0;0;0m▀[0m      