                 [38;2;0;0;0m▄[0m[48;2;0;0;0m[38;2;255;255;255m▄[0m[48;2;0;0;0m[38;2;255;255;255m▄[0m[38;2;0;0;0m▄[0m[48;2;0;0;0m[38;2;99;132;58m▄[0m[48;2;0;0;0m[38;2;0;0;0m▄[0m [38;2;0;0;0m▄[0m[38;2;0;0;0m▄[0m    
                 [38;2;0;0;0m▀[0m[48;2;189;189;189m[38;2;0;0;0m▄[0m[48;2;255;255;255m[38;2;0;0;0m▄[0m[48;2;255;255;255m[38;2;189;189;189m▄[0m[48;2;65;65;65m[38;2;65;65;65m▄[0m[48;2;65;65;65m[38;2;115;115;115m▄[0m[48;2;0;0;0m[38;2;65;65;65m▄[0m[48;2;99;132;58m[38;2;99;132;58m▄[0m[48;2;0;0;0m[38;2;0;0;0m▄[0m[38;2;0;0;0m▄[0m[38;2;0;0;0m▄[0m[38;2;0;0;0m▄[0m 
   [38;2;0;0;0m▄[0m[38;2;0;0;0m▄[0m[38;2;0;0;0m▄[0m      [38;2;0;0;0m▄[0m       [48;2;0;0;0m[38;2;0;0;0m▄[0m[48;2;115;115;115m[38;2;65;65;65m▄[0m[48;2;115;115;115m[38;2;65;65;65m▄[0m[48;2;65;65;65m[38;2;123;165;74m▄[0m[48;2;115;115;115m[38;2;0;0;0m▄[0m[48;2;189;189;189m[38;2;0;0;0m▄[0m[48;2;255;255;255m[38;2;189;189;189m▄[0m[48;2;255;255;255m[38;2;255;255;255m▄[0m[48;2;189;189;189m[38;2;255;255;255m▄[0m[48;2;0;0;0m[38;2;0;0;0m▄[0m
[38;2;0;0;0m▄[0m[48;2;0;0;0m[38;2;230;99;58m▄[0m[48;2;0;0;0m[38;2;230;99;58m▄[0m[48;2;230;99;58m[38;2;65;65;65m▄[0m[48;2;230;99;58m[38;2;65;65;65m▄[0m[48;2;230;99;58m[38;2;255;255;255m▄[0m[48;2;0;0;0m[38;2;65;65;65m▄[0m[48;2;0;0;0m[38;2;115;115;115m▄[0m[38;2;0;0;0m▄[0m [38;2;0;0;0m▄[0m[48;2;0;0;0m[38;2;115;115;115m▄[0m[48;2;115;115;115m[38;2;115;115;115m▄[0m[48;2;0;0;0m[38;2;0;0;0m▄[0m [38;2;0;0;0m▄[0m[48;2;0;0;0m[38;2;115;115;115m▄[0m[38;2;0;0;0m▄[0m [48;2;0;0;0m[38;2;0;0;0m▄[0m[48;2;230;99;58m[38;2;99;132;58m▄[0m[48;2;230;99;58m[38;2;99;132;58m▄[0m[48;2;123;165;74m[38;2;123;165;74m▄[0m[48;2;99;132;58m[38;2;0;0;0m▄[0m[38;2;0;0;0m▀[0m [38;2;0;0;0m▀[0m[38;2;0;0;0m▀[0m[38;2;0;0;0m▀[0m 
[38;2;0;0;0m▀[0m[48;2;230;99;58m[38;2;0;0;0m▄[0m[48;2;230;99;58m[38;2;0;0;0m▄[0m[48;2;239;165;132m[38;2;255;255;255m▄[0m[48;2;189;189;189m[38;2;65;65;65m▄[0m[48;2;65;65;65m[38;2;65;65;65m▄[0m[48;2;65;65;65m[38;2;115;115;115m▄[0m[48;2;115;115;115m[38;2;115;115;115m▄[0m[48;2;115;115;115m[38;2;65;65;65m▄[0m[48;2;0;0;0m[38;2;65;65;65m▄[0m[48;2;115;115;115m[38;2;65;65;65m▄[0m[48;2;65;65;65m[38;2;99;132;58m▄[0m[48;2;65;65;65m[38;2;99;132;58m▄[0m[48;2;115;115;115m[38;2;65;65;65m▄[0m[48;2;0;0;0m[38;2;0;0;0m▄[0m[48;2;65;65;65m[38;2;99;132;58m▄[0m[48;2;115;115;115m[38;2;65;65;65m▄[0m[48;2;0;0;0m[38;2;65;65;65m▄[0m[48;2;230;99;58m[38;2;99;132;58m▄[0m[48;2;230;99;58m[38;2;99;132;58m▄[0m[48;2;123;165;74m[38;2;99;132;58m▄[0m[48;2;123;165;74m[38;2;123;165;74m▄[0m[48;2;0;0;0m[38;2;0;0;0m▄[0m       
  [38;2;0;0;0m▄[0m[48;2;0;0;0m[38;2;230;99;58m▄[0m[48;2;99;132;58m[38;2;123;165;74m▄[0m[48;2;123;165;74m[38;2;123;165;74m▄[0m[48;2;115;115;115m[38;2;65;65;65m▄[0m[48;2;65;65;65m[38;2;123;165;74m▄[0m[48;2;123;165;74m[38;2;123;165;74m▄[0m[48;2;123;165;74m[38;2;123;165;74m▄[0m[48;2;99;132;58m[38;2;123;165;74m▄[0m[48;2;65;65;65m[38;2;99;132;58m▄[0m[48;2;123;165;74m[38;2;65;65;65m▄[0m[48;2;123;165;74m[38;2;123;165;74m▄[0m[48;2;65;65;65m[38;2;123;165;74m▄[0m[48;2;123;165;74m[38;2;99;132;58m▄[0m[48;2;123;165;74m[38;2;123;165;74m▄[0m[48;2;65;65;65m[38;2;123;165;74m▄[0m[48;2;230;99;58m[38;2;65;65;65m▄[0m[48;2;123;165;74m[38;2;65;65;65m▄[0m[48;2;123;165;74m[38;2;0;0;0m▄[0m[38;2;0;0;0m▀[0m        
  [48;2;0;0;0m[38;2;0;0;0m▄[0m[48;2;65;65;65m[38;2;230;99;58m▄[0m[48;2;123;165;74m[38;2;230;99;58m▄[0m[48;2;123;165;74m[38;2;123;165;74m▄[0m[48;2;123;165;74m[38;2;123;165;74m▄[0m[48;2;123;165;74m[38;2;123;165;74m▄[0m[48;2;123;165;74m[38;2;123;165;74m▄[0m[48;2;123;165;74m[38;2;123;165;74m▄[0m[48;2;123;165;74m[38;2;239;165;132m▄[0m[48;2;99;132;58m[38;2;230;99;58m▄[0m[48;2;230;99;58m[38;2;230;99;58m▄[0m[48;2;123;165;74m[38;2;65;65;65m▄[0m[48;2;65;65;65m[38;2;65;65;65m▄[0m[48;2;65;65;65m[38;2;189;189;189m▄[0m[48;2;65;65;65m[38;2;189;189;189m▄[0m[48;2;65;65;65m[38;2;189;189;189m▄[0m[48;2;189;189;189m[38;2;65;65;65m▄[0m[48;2;189;189;189m[38;2;65;65;65m▄[0m[48;2;65;65;65m[38;2;255;255;255m▄[0m[48;2;0;0;0m[38;2;255;255;255m▄[0m[48;2;0;0;0m[38;2;255;255;255m▄[0m[38;2;0;0;0m▄[0m[38;2;0;0;0m▄[0m     
  [38;2;0;0;0m▄[0m[48;2;0;0;0m[38;2;0;0;0m▄[0m[48;2;99;132;58m[38;2;255;255;255m▄[0m[48;2;99;132;58m[38;2;123;165;74m▄[0m[48;2;99;132;58m[38;2;123;165;74m▄[0m[48;2;230;99;58m[38;2;99;132;58m▄[0m[48;2;230;99;58m[38;2;230;99;58m▄[0m[48;2;65;65;65m[38;2;65;65;65m▄[0m[48;2;230;99;58m[38;2;65;65;65m▄[0m[48;2;230;99;58m[38;2;65;65;65m▄[0m[48;2;65;65;65m[38;2;230;99;58m▄[0m[48;2;65;65;65m[38;2;65;65;65m▄[0m[48;2;99;132;58m[38;2;0;0;0m▄[0m[48;2;65;65;65m[38;2;0;0;0m▄[0m[48;2;189;189;189m[38;2;65;65;65m▄[0m[48;2;189;189;189m[38;2;255;255;255m▄[0m[48;2;255;255;255m[38;2;255;255;255m▄[0m[48;2;255;255;255m[38;2;255;255;255m▄[0m[48;2;65;65;65m[38;2;255;255;255m▄[0m[48;2;65;65;65m[38;2;255;255;255m▄[0m[48;2;255;255;255m[38;2;65;65;65m▄[0m[48;2;239;165;132m[38;2;230;99;58m▄[0m[48;2;230;99;58m[38;2;230;99;58m▄[0m[48;2;0;0;0m[38;2;0;0;0m▄[0m    
  [48;2;0;0;0m[38;2;0;0;0m▄[0m [38;2;0;0;0m▀[0m[48;2;99;132;58m[38;2;0;0;0m▄[0m[48;2;255;255;255m[38;2;0;0;0m▄[0m[48;2;99;132;58m[38;2;230;99;58m▄[0m[48;2;230;99;58m[38;2;65;65;65m▄[0m[48;2;65;65;65m[38;2;230;99;58m▄[0m[48;2;230;99;58m[38;2;0;0;0m▄[0m[48;2;230;99;58m[38;2;0;0;0m▄[0m[38;2;0;0;0m▀[0m[48;2;0;0;0m[38;2;0;0;0m▄[0m [38;2;0;0;0m▀[0m[48;2;0;0;0m[38;2;0;0;0m▄[0m[38;2;65;65;65m▀[0m[48;2;189;189;189m[38;2;65;65;65m▄[0m[48;2;255;255;255m[38;2;65;65;65m▄[0m[48;2;239;165;132m[38;2;230;99;58m▄[0m[48;2;239;165;132m[38;2;230;99;58m▄[0m[48;2;230;99;58m[38;2;230;99;58m▄[0m[48;2;65;65;65m[38;2;0;0;0m▄[0m[38;2;0;0;0m▀[0m     
       [38;2;0;0;0m▀[0m[38;2;0;0;0m▀[0m[38;2;0;0;0m▀[0m  [38;2;0;0;0m▄[0m[48;2;0;0;0m[38;2;0;0;0m▄[0m [48;2;0;0;0m[38;2;0;0;0m▄[0m[38;2;0;0;0m▀[0m   [38;2;65;65;65m▀[0m[38;2;65;65;65m▀[0m[38;2;65;65;65m▀[0m       
           [38;2;0;0;0m▀[0m[38;2;0;0;0m▀[0m                 