   [38;2;0;4;0m▄[0m[48;2;0;4;0m[38;2;165;190;189m▄[0m[38;2;0;4;0m▄[0m                              
   [48;2;0;4;0m[38;2;0;4;0m▄[0m[48;2;165;190;189m[38;2;77;122;167m▄[0m[48;2;165;190;189m[38;2;165;190;189m▄[0m[48;2;0;4;0m[38;2;0;4;0m▄[0m            [38;2;0;4;0m▄[0m[38;2;0;4;0m▄[0m[38;2;0;4;0m▄[0m[48;2;0;4;0m[38;2;222;243;231m▄[0m[48;2;0;4;0m[38;2;222;243;231m▄[0m[48;2;0;4;0m[38;2;0;4;0m▄[0m        [38;2;0;4;0m▄[0m[48;2;0;4;0m[38;2;66;162;173m▄[0m[38;2;0;4;0m▄[0m
   [48;2;0;4;0m[38;2;0;4;0m▄[0m[48;2;71;136;167m[38;2;71;136;167m▄[0m[48;2;165;190;189m[38;2;71;136;167m▄[0m[48;2;165;190;189m[38;2;165;190;189m▄[0m[48;2;0;4;0m[38;2;0;4;0m▄[0m        [38;2;0;4;0m▄[0m[48;2;0;4;0m[38;2;222;243;231m▄[0m[48;2;0;4;0m[38;2;222;243;231m▄[0m[48;2;222;243;231m[38;2;222;243;231m▄[0m[48;2;222;243;231m[38;2;74;121;165m▄[0m[48;2;222;243;231m[38;2;74;121;165m▄[0m[48;2;231;255;255m[38;2;156;174;172m▄[0m[48;2;156;174;172m[38;2;8;12;8m▄[0m[38;2;0;4;0m▀[0m      [38;2;0;4;0m▄[0m[48;2;0;4;0m[38;2;66;162;173m▄[0m[48;2;66;162;173m[38;2;66;162;173m▄[0m[48;2;66;162;173m[38;2;66;162;173m▄[0m[48;2;0;4;0m[38;2;0;4;0m▄[0m
    [48;2;0;4;0m[38;2;0;4;0m▄[0m[48;2;71;142;170m[38;2;71;142;170m▄[0m[48;2;165;190;189m[38;2;165;190;189m▄[0m[48;2;0;4;0m[38;2;0;4;0m▄[0m  [38;2;0;4;0m▄[0m[38;2;0;4;0m▄[0m[38;2;0;4;0m▄[0m  [38;2;0;4;0m▄[0m[48;2;0;4;16m[38;2;214;243;247m▄[0m[48;2;214;243;247m[38;2;107;123;131m▄[0m[48;2;74;121;165m[38;2;68;161;175m▄[0m[48;2;74;121;165m[38;2;68;161;175m▄[0m[48;2;71;141;173m[38;2;71;141;173m▄[0m[48;2;165;190;189m[38;2;165;190;189m▄[0m[48;2;165;190;189m[38;2;0;4;0m▄[0m[38;2;0;4;0m▀[0m     [38;2;0;4;0m▄[0m[48;2;0;4;0m[38;2;66;162;173m▄[0m[48;2;66;162;173m[38;2;66;162;173m▄[0m[48;2;68;162;175m[38;2;68;162;175m▄[0m[48;2;68;162;175m[38;2;68;162;175m▄[0m[48;2;66;162;173m[38;2;66;162;173m▄[0m[48;2;0;4;0m[38;2;0;4;0m▄[0m
     [38;2;0;4;0m▀[0m[48;2;156;190;198m[38;2;0;4;8m▄[0m[48;2;156;190;198m[38;2;104;128;134m▄[0m[48;2;8;4;0m[38;2;115;199;222m▄[0m[48;2;8;4;0m[38;2;43;69;74m▄[0m[48;2;222;243;231m[38;2;222;243;231m▄[0m[48;2;222;243;231m[38;2;66;65;66m▄[0m[48;2;222;243;231m[38;2;222;243;231m▄[0m[48;2;0;4;0m[38;2;222;243;231m▄[0m[48;2;0;0;0m[38;2;74;79;77m▄[0m[48;2;74;79;77m[38;2;222;239;231m▄[0m[48;2;222;243;231m[38;2;74;135;170m▄[0m[48;2;74;135;170m[38;2;74;135;170m▄[0m[48;2;71;141;173m[38;2;165;190;189m▄[0m[48;2;71;141;173m[38;2;165;190;189m▄[0m[48;2;165;190;189m[38;2;165;190;189m▄[0m[48;2;165;190;189m[38;2;0;4;0m▄[0m[38;2;0;4;0m▀[0m      [48;2;0;4;0m[38;2;0;4;0m▄[0m[48;2;70;162;177m[38;2;74;121;123m▄[0m[48;2;70;162;177m[38;2;70;162;177m▄[0m[48;2;70;162;177m[38;2;70;162;177m▄[0m[48;2;70;162;177m[38;2;74;121;123m▄[0m[48;2;103;123;119m[38;2;206;243;239m▄[0m[48;2;0;4;0m[38;2;0;4;0m▄[0m
    [38;2;0;4;0m▄[0m[48;2;0;4;0m[38;2;107;199;222m▄[0m[48;2;173;235;214m[38;2;74;121;165m▄[0m[48;2;74;121;165m[38;2;173;235;214m▄[0m[48;2;107;199;222m[38;2;173;233;211m▄[0m[48;2;107;199;222m[38;2;107;199;222m▄[0m[48;2;66;60;74m[38;2;86;129;148m▄[0m[48;2;107;199;222m[38;2;107;199;222m▄[0m[48;2;57;65;74m[38;2;145;189;194m▄[0m[48;2;189;251;255m[38;2;57;65;74m▄[0m[48;2;66;65;66m[38;2;222;243;231m▄[0m[48;2;222;243;231m[38;2;222;243;231m▄[0m[48;2;165;190;189m[38;2;66;65;66m▄[0m[48;2;165;190;189m[38;2;66;65;66m▄[0m[48;2;165;190;189m[38;2;0;4;0m▄[0m[38;2;0;4;0m▀[0m[38;2;0;4;0m▀[0m        [48;2;0;4;0m[38;2;0;4;0m▄[0m[48;2;222;243;231m[38;2;222;243;231m▄[0m[48;2;74;121;123m[38;2;222;243;231m▄[0m[48;2;74;121;123m[38;2;222;243;231m▄[0m[48;2;222;243;231m[38;2;222;243;231m▄[0m[48;2;0;4;0m[38;2;0;4;0m▄[0m 
    [38;2;0;4;0m▀[0m[48;2;66;162;173m[38;2;0;4;0m▄[0m[48;2;71;127;150m[38;2;66;65;74m▄[0m[48;2;74;158;189m[38;2;71;127;150m▄[0m[48;2;118;191;200m[38;2;71;144;178m▄[0m[48;2;165;239;222m[38;2;71;144;178m▄[0m[48;2;94;145;156m[38;2;41;60;82m▄[0m[48;2;148;231;231m[38;2;94;145;156m▄[0m[48;2;123;215;222m[38;2;101;165;170m▄[0m[48;2;123;215;222m[38;2;57;65;66m▄[0m[48;2;66;65;66m[38;2;66;65;66m▄[0m[48;2;222;247;239m[38;2;170;186;181m▄[0m[48;2;0;4;0m[38;2;165;190;189m▄[0m[38;2;0;4;0m▄[0m          [48;2;0;4;0m[38;2;0;4;0m▄[0m[48;2;222;243;231m[38;2;222;243;231m▄[0m[48;2;222;244;233m[38;2;222;244;233m▄[0m[48;2;222;244;233m[38;2;222;244;233m▄[0m[48;2;222;243;231m[38;2;222;243;231m▄[0m[48;2;0;4;0m[38;2;0;4;0m▄[0m  
    [38;2;0;4;0m▄[0m[48;2;0;4;0m[38;2;99;158;165m▄[0m[48;2;170;186;181m[38;2;66;65;66m▄[0m[48;2;66;65;66m[38;2;222;247;239m▄[0m[48;2;66;65;66m[38;2;222;243;231m▄[0m[48;2;66;65;66m[38;2;222;243;231m▄[0m[48;2;184;194;192m[38;2;74;73;66m▄[0m[48;2;74;73;66m[38;2;239;255;255m▄[0m[48;2;66;65;66m[38;2;66;65;66m▄[0m[48;2;88;157;170m[38;2;99;203;222m▄[0m[48;2;66;65;66m[38;2;66;65;66m▄[0m[48;2;165;190;189m[38;2;165;190;189m▄[0m[48;2;165;190;189m[38;2;165;190;189m▄[0m[48;2;0;4;0m[38;2;0;4;0m▄[0m         [38;2;0;4;0m▄[0m[48;2;0;4;0m[38;2;222;243;231m▄[0m[48;2;222;243;231m[38;2;222;243;231m▄[0m[48;2;222;243;231m[38;2;222;243;231m▄[0m[48;2;222;243;231m[38;2;0;4;0m▄[0m[38;2;0;4;0m▀[0m   
   [38;2;0;4;0m▄[0m[48;2;8;0;0m[38;2;84;156;170m▄[0m[48;2;84;156;170m[38;2;46;78;85m▄[0m[48;2;66;65;66m[38;2;170;186;181m▄[0m[48;2;222;247;239m[38;2;222;247;239m▄[0m[48;2;222;243;231m[38;2;222;243;231m▄[0m[48;2;82;81;66m[38;2;222;243;231m▄[0m[48;2;74;121;165m[38;2;74;121;165m▄[0m[48;2;68;161;175m[38;2;74;121;165m▄[0m[48;2;66;65;74m[38;2;82;132;152m▄[0m[48;2;99;199;231m[38;2;66;65;74m▄[0m[48;2;107;199;222m[38;2;107;199;222m▄[0m[48;2;66;65;66m[38;2;66;65;66m▄[0m[48;2;165;190;189m[38;2;0;4;0m▄[0m[38;2;0;4;0m▀[0m   [38;2;0;4;0m▄[0m[38;2;0;4;0m▄[0m[38;2;0;4;0m▄[0m [38;2;0;4;0m▄[0m[48;2;0;4;0m[38;2;165;190;189m▄[0m[48;2;165;190;189m[38;2;165;190;189m▄[0m[48;2;154;172;164m[38;2;0;8;0m▄[0m[48;2;231;255;247m[38;2;0;8;0m▄[0m[38;2;0;4;0m▀[0m     
 [38;2;0;4;0m▄[0m[48;2;0;0;0m[38;2;74;158;181m▄[0m[48;2;74;158;181m[38;2;49;105;120m▄[0m[48;2;66;162;173m[38;2;0;4;0m▄[0m[38;2;0;4;0m▀[0m[48;2;156;190;198m[38;2;0;4;8m▄[0m[48;2;104;128;134m[38;2;156;190;198m▄[0m[48;2;222;244;233m[38;2;222;244;233m▄[0m[48;2;222;244;233m[38;2;222;244;233m▄[0m[48;2;222;243;231m[38;2;222;243;231m▄[0m[48;2;222;243;231m[38;2;164;190;189m▄[0m[48;2;165;190;189m[38;2;165;190;189m▄[0m[48;2;66;65;66m[38;2;165;190;189m▄[0m[48;2;107;199;222m[38;2;66;65;66m▄[0m[48;2;107;199;222m[38;2;107;199;222m▄[0m[48;2;0;4;0m[38;2;107;199;222m▄[0m[38;2;0;4;0m▄[0m[48;2;0;4;0m[38;2;206;243;239m▄[0m[48;2;0;4;0m[38;2;103;123;119m▄[0m[48;2;0;8;0m[38;2;66;113;115m▄[0m[48;2;99;166;173m[38;2;66;113;115m▄[0m[48;2;74;121;123m[38;2;222;243;231m▄[0m[48;2;222;243;231m[38;2;222;243;231m▄[0m[48;2;0;8;0m[38;2;231;255;247m▄[0m[48;2;154;172;164m[38;2;0;8;0m▄[0m[38;2;0;4;0m▀[0m[38;2;0;4;0m▀[0m        
[48;2;0;4;0m[38;2;0;4;0m▄[0m[48;2;66;107;123m[38;2;66;107;123m▄[0m[48;2;60;95;126m[38;2;74;121;123m▄[0m[48;2;74;121;123m[38;2;74;121;123m▄[0m[48;2;0;4;0m[38;2;0;4;0m▄[0m  [38;2;0;4;0m▀[0m[38;2;0;4;0m▀[0m[38;2;0;4;0m▀[0m[48;2;165;190;189m[38;2;0;4;0m▄[0m[48;2;165;190;189m[38;2;0;4;0m▄[0m[48;2;165;190;189m[38;2;165;190;189m▄[0m[48;2;66;65;66m[38;2;165;190;189m▄[0m[48;2;66;65;66m[38;2;132;195;206m▄[0m[48;2;132;195;206m[38;2;66;65;66m▄[0m[48;2;107;199;222m[38;2;107;199;222m▄[0m[48;2;107;199;222m[38;2;74;121;123m▄[0m[48;2;57;65;66m[38;2;131;156;152m▄[0m[48;2;206;247;239m[38;2;57;65;66m▄[0m[48;2;222;244;233m[38;2;222;244;233m▄[0m[48;2;222;244;233m[38;2;222;244;233m▄[0m[48;2;222;243;231m[38;2;74;121;123m▄[0m[48;2;222;243;231m[38;2;222;243;231m▄[0m[48;2;222;243;231m[38;2;222;243;231m▄[0m[48;2;0;4;0m[38;2;0;4;0m▄[0m          
[48;2;0;4;0m[38;2;0;4;0m▄[0m[48;2;74;121;123m[38;2;74;121;123m▄[0m[48;2;74;121;123m[38;2;0;4;0m▄[0m[38;2;0;4;0m▀[0m        [48;2;0;4;0m[38;2;0;4;0m▄[0m[48;2;165;190;189m[38;2;165;190;189m▄[0m[48;2;170;186;181m[38;2;66;65;66m▄[0m[48;2;66;65;66m[38;2;222;247;239m▄[0m[48;2;107;203;222m[38;2;66;69;66m▄[0m[48;2;79;113;118m[38;2;93;158;170m▄[0m[48;2;95;157;167m[38;2;95;157;167m▄[0m[48;2;95;157;167m[38;2;95;157;167m▄[0m[48;2;60;66;63m[38;2;60;66;63m▄[0m[48;2;165;190;189m[38;2;8;4;0m▄[0m[48;2;103;123;119m[38;2;0;4;0m▄[0m[48;2;206;243;239m[38;2;103;123;119m▄[0m[48;2;222;243;231m[38;2;165;190;189m▄[0m[48;2;165;190;189m[38;2;165;190;189m▄[0m[48;2;0;4;0m[38;2;0;4;0m▄[0m         
 [38;2;0;4;0m▀[0m         [48;2;0;4;0m[38;2;0;4;0m▄[0m[48;2;165;190;189m[38;2;93;112;112m▄[0m[48;2;165;190;189m[38;2;57;73;74m▄[0m[48;2;66;65;66m[38;2;222;243;231m▄[0m[48;2;222;243;231m[38;2;222;243;231m▄[0m[48;2;222;243;231m[38;2;222;243;231m▄[0m[48;2;74;81;77m[38;2;0;0;0m▄[0m[48;2;93;158;164m[38;2;0;4;0m▄[0m[48;2;93;158;164m[38;2;93;158;164m▄[0m[48;2;0;4;0m[38;2;0;4;0m▄[0m  [48;2;0;4;0m[38;2;0;4;0m▄[0m[48;2;66;121;123m[38;2;110;156;159m▄[0m[48;2;154;191;195m[38;2;66;121;123m▄[0m[48;2;0;4;0m[38;2;0;4;0m▄[0m         
          [48;2;0;4;0m[38;2;0;4;0m▄[0m[48;2;74;121;123m[38;2;74;121;123m▄[0m[48;2;79;115;118m[38;2;66;69;66m▄[0m[48;2;66;69;66m[38;2;93;161;170m▄[0m[48;2;66;121;123m[38;2;115;161;161m▄[0m[48;2;214;243;239m[38;2;66;121;123m▄[0m[48;2;0;4;0m[38;2;0;4;0m▄[0m  [38;2;0;4;0m▀[0m[38;2;0;4;0m▀[0m  [38;2;0;4;0m▀[0m[48;2;93;158;164m[38;2;0;4;0m▄[0m[48;2;93;158;164m[38;2;0;4;0m▄[0m[38;2;0;4;0m▀[0m         
           [38;2;0;4;0m▀[0m[38;2;0;4;0m▀[0m[48;2;74;121;123m[38;2;0;4;0m▄[0m[48;2;99;158;165m[38;2;0;4;0m▄[0m[38;2;0;4;0m▀[0m                    