  [38;2;0;0;0m▄[0m[48;2;0;0;0m[38;2;148;156;239m▄[0m[48;2;0;0;0m[38;2;148;156;239m▄[0m[38;2;0;0;0m▄[0m   [48;2;0;0;0m[38;2;0;0;0m▄[0m[48;2;0;0;0m[38;2;148;156;239m▄[0m[38;2;0;0;0m▄[0m[38;2;0;0;0m▄[0m                  
 [48;2;0;0;0m[38;2;0;0;0m▄[0m[48;2;148;156;239m[38;2;148;156;239m▄[0m[48;2;148;156;239m[38;2;148;156;239m▄[0m[48;2;65;65;65m[38;2;65;65;65m▄[0m[48;2;148;156;239m[38;2;148;156;239m▄[0m[48;2;0;0;0m[38;2;148;156;239m▄[0m[38;2;0;0;0m▄[0m [48;2;0;0;0m[38;2;0;0;0m▄[0m[48;2;189;74;82m[38;2;189;74;82m▄[0m[48;2;148;156;239m[38;2;115;115;206m▄[0m[48;2;148;156;239m[38;2;148;156;239m▄[0m[48;2;0;0;0m[38;2;148;156;239m▄[0m[48;2;0;0;0m[38;2;115;115;206m▄[0m[38;2;0;0;0m▄[0m[38;2;0;0;0m▄[0m[38;2;0;0;0m▄[0m  [38;2;0;0;0m▄[0m[38;2;0;0;0m▄[0m[38;2;0;0;0m▄[0m[38;2;0;0;0m▄[0m[38;2;0;0;0m▄[0m[38;2;0;0;0m▄[0m     
[48;2;0;0;0m[38;2;0;0;0m▄[0m[48;2;148;156;239m[38;2;148;156;239m▄[0m[48;2;148;156;239m[38;2;148;156;239m▄[0m[48;2;148;156;239m[38;2;148;156;239m▄[0m[48;2;65;65;65m[38;2;148;156;239m▄[0m[48;2;148;156;239m[38;2;65;65;65m▄[0m[48;2;148;156;239m[38;2;148;156;239m▄[0m[48;2;0;0;0m[38;2;148;156;239m▄[0m[38;2;0;0;0m▄[0m [48;2;0;0;0m[38;2;0;0;0m▄[0m[48;2;189;74;82m[38;2;189;74;82m▄[0m[48;2;148;156;239m[38;2;115;115;206m▄[0m[48;2;148;156;239m[38;2;148;156;239m▄[0m[48;2;148;156;239m[38;2;148;156;239m▄[0m[48;2;148;156;239m[38;2;148;156;239m▄[0m[48;2;148;156;239m[38;2;148;156;239m▄[0m[48;2;115;115;206m[38;2;148;156;239m▄[0m[48;2;0;0;0m[38;2;148;156;239m▄[0m[48;2;0;0;0m[38;2;148;156;239m▄[0m[48;2;148;156;239m[38;2;148;156;239m▄[0m[48;2;148;156;239m[38;2;115;115;206m▄[0m[48;2;148;156;239m[38;2;115;115;206m▄[0m[48;2;115;115;206m[38;2;247;99;82m▄[0m[48;2;115;115;206m[38;2;247;99;82m▄[0m[48;2;65;65;65m[38;2;115;115;206m▄[0m[48;2;0;0;0m[38;2;0;0;0m▄[0m    
[48;2;0;0;0m[38;2;0;0;0m▄[0m[48;2;148;156;239m[38;2;115;115;206m▄[0m[48;2;148;156;239m[38;2;148;156;239m▄[0m[48;2;148;156;239m[38;2;148;156;239m▄[0m[48;2;65;65;65m[38;2;148;156;239m▄[0m[48;2;148;156;239m[38;2;65;65;65m▄[0m[48;2;148;156;239m[38;2;115;115;206m▄[0m[48;2;115;115;206m[38;2;115;115;206m▄[0m[48;2;0;0;0m[38;2;0;0;0m▄[0m [48;2;0;0;0m[38;2;0;0;0m▄[0m[48;2;247;99;82m[38;2;115;115;206m▄[0m[48;2;247;247;41m[38;2;247;247;41m▄[0m[48;2;148;156;239m[38;2;115;115;206m▄[0m[48;2;148;156;239m[38;2;148;156;239m▄[0m[48;2;148;156;239m[38;2;115;115;206m▄[0m[48;2;148;156;239m[38;2;148;156;239m▄[0m[48;2;148;156;239m[38;2;115;115;206m▄[0m[48;2;148;156;239m[38;2;115;115;206m▄[0m[48;2;115;115;206m[38;2;247;99;82m▄[0m[48;2;115;115;206m[38;2;247;99;82m▄[0m[48;2;247;99;82m[38;2;189;74;82m▄[0m[48;2;247;99;82m[38;2;247;99;82m▄[0m[48;2;189;74;82m[38;2;115;115;206m▄[0m[48;2;115;115;206m[38;2;0;0;0m▄[0m[38;2;0;0;0m▀[0m [38;2;0;0;0m▄[0m[38;2;0;0;0m▄[0m  
 [48;2;0;0;0m[38;2;0;0;0m▄[0m[48;2;115;115;206m[38;2;115;115;206m▄[0m[48;2;148;156;239m[38;2;115;115;206m▄[0m[48;2;65;65;65m[38;2;115;115;206m▄[0m[48;2;115;115;206m[38;2;65;65;65m▄[0m[48;2;115;115;206m[38;2;115;115;206m▄[0m[48;2;115;115;206m[38;2;0;0;0m▄[0m[38;2;0;0;0m▀[0m[38;2;0;0;0m▄[0m[48;2;0;0;0m[38;2;148;156;239m▄[0m[48;2;65;65;65m[38;2;65;65;65m▄[0m[48;2;115;115;206m[38;2;247;99;82m▄[0m[48;2;115;115;206m[38;2;115;115;206m▄[0m[48;2;148;156;239m[38;2;115;115;206m▄[0m[48;2;148;156;239m[38;2;115;115;206m▄[0m[48;2;115;115;206m[38;2;247;247;41m▄[0m[48;2;181;132;90m[38;2;181;132;90m▄[0m[48;2;247;247;41m[38;2;197;173;41m▄[0m[48;2;115;115;206m[38;2;115;115;206m▄[0m[48;2;247;99;82m[38;2;247;99;82m▄[0m[48;2;189;74;82m[38;2;115;115;206m▄[0m[48;2;115;115;206m[38;2;0;0;0m▄[0m[38;2;0;0;0m▀[0m[38;2;0;0;0m▄[0m[48;2;0;0;0m[38;2;148;156;239m▄[0m[48;2;0;0;0m[38;2;148;156;239m▄[0m[48;2;0;0;0m[38;2;65;65;65m▄[0m[48;2;148;156;239m[38;2;148;156;239m▄[0m[48;2;0;0;0m[38;2;115;115;206m▄[0m[38;2;0;0;0m▄[0m
  [38;2;0;0;0m▀[0m[48;2;115;115;206m[38;2;0;0;0m▄[0m[48;2;115;115;206m[38;2;0;0;0m▄[0m[48;2;115;115;206m[38;2;0;0;0m▄[0m[48;2;65;65;65m[38;2;115;115;206m▄[0m[48;2;115;115;206m[38;2;115;115;206m▄[0m[48;2;0;0;0m[38;2;65;65;65m▄[0m[48;2;65;65;65m[38;2;65;65;65m▄[0m[48;2;148;156;239m[38;2;115;115;206m▄[0m[48;2;65;65;65m[38;2;148;156;239m▄[0m[48;2;115;115;206m[38;2;65;65;65m▄[0m[48;2;255;255;255m[38;2;65;65;65m▄[0m[48;2;247;99;82m[38;2;115;115;206m▄[0m[48;2;115;115;206m[38;2;255;255;255m▄[0m[48;2;115;115;206m[38;2;247;99;82m▄[0m[48;2;115;115;206m[38;2;255;255;255m▄[0m[48;2;115;115;206m[38;2;65;65;65m▄[0m[48;2;115;115;206m[38;2;65;65;65m▄[0m[48;2;65;65;65m[38;2;115;115;206m▄[0m[48;2;0;0;0m[38;2;148;156;239m▄[0m[38;2;0;0;0m▄[0m[48;2;0;0;0m[38;2;65;65;65m▄[0m[48;2;148;156;239m[38;2;148;156;239m▄[0m[48;2;148;156;239m[38;2;148;156;239m▄[0m[48;2;148;156;239m[38;2;148;156;239m▄[0m[48;2;65;65;65m[38;2;65;65;65m▄[0m[48;2;148;156;239m[38;2;148;156;239m▄[0m[48;2;148;156;239m[38;2;148;156;239m▄[0m[48;2;0;0;0m[38;2;0;0;0m▄[0m
     [38;2;0;0;0m▄[0m[48;2;0;0;0m[38;2;65;65;65m▄[0m[48;2;65;65;65m[38;2;65;65;65m▄[0m[48;2;247;99;82m[38;2;65;65;65m▄[0m[48;2;247;99;82m[38;2;65;65;65m▄[0m[48;2;65;65;65m[38;2;115;115;206m▄[0m[48;2;148;156;239m[38;2;148;156;239m▄[0m[48;2;148;156;239m[38;2;115;115;206m▄[0m[48;2;115;115;206m[38;2;148;156;239m▄[0m[48;2;65;65;65m[38;2;148;156;239m▄[0m[48;2;65;65;65m[38;2;148;156;239m▄[0m[48;2;65;65;65m[38;2;148;156;239m▄[0m[48;2;65;65;65m[38;2;115;115;206m▄[0m[48;2;115;115;206m[38;2;148;156;239m▄[0m[48;2;148;156;239m[38;2;148;156;239m▄[0m[48;2;148;156;239m[38;2;148;156;239m▄[0m[48;2;148;156;239m[38;2;65;65;65m▄[0m[48;2;65;65;65m[38;2;65;65;65m▄[0m[48;2;148;156;239m[38;2;115;115;206m▄[0m[48;2;148;156;239m[38;2;148;156;239m▄[0m[48;2;65;65;65m[38;2;65;65;65m▄[0m[48;2;65;65;65m[38;2;148;156;239m▄[0m[48;2;65;65;65m[38;2;148;156;239m▄[0m[48;2;148;156;239m[38;2;148;156;239m▄[0m[48;2;148;156;239m[38;2;148;156;239m▄[0m[48;2;0;0;0m[38;2;0;0;0m▄[0m
      [38;2;0;0;0m▀[0m[48;2;65;65;65m[38;2;0;0;0m▄[0m[48;2;65;65;65m[38;2;65;65;65m▄[0m[48;2;65;65;65m[38;2;65;65;65m▄[0m[48;2;148;156;239m[38;2;65;65;65m▄[0m[48;2;115;115;206m[38;2;65;65;65m▄[0m[48;2;65;65;65m[38;2;65;65;65m▄[0m[48;2;65;65;65m[38;2;115;115;206m▄[0m[48;2;148;156;239m[38;2;65;65;65m▄[0m[48;2;148;156;239m[38;2;65;65;65m▄[0m[48;2;148;156;239m[38;2;65;65;65m▄[0m[48;2;115;115;206m[38;2;65;65;65m▄[0m[48;2;148;156;239m[38;2;115;115;206m▄[0m[48;2;148;156;239m[38;2;148;156;239m▄[0m[48;2;65;65;65m[38;2;65;65;65m▄[0m[48;2;189;74;82m[38;2;247;99;82m▄[0m[48;2;65;65;65m[38;2;65;65;65m▄[0m[48;2;115;115;206m[38;2;115;115;206m▄[0m[48;2;115;115;206m[38;2;65;65;65m▄[0m[48;2;115;115;206m[38;2;65;65;65m▄[0m[48;2;65;65;65m[38;2;115;115;206m▄[0m[48;2;148;156;239m[38;2;115;115;206m▄[0m[48;2;148;156;239m[38;2;115;115;206m▄[0m[48;2;115;115;206m[38;2;0;0;0m▄[0m[38;2;0;0;0m▀[0m
      [38;2;0;0;0m▄[0m[48;2;0;0;0m[38;2;0;0;0m▄[0m[48;2;65;65;65m[38;2;65;65;65m▄[0m[48;2;65;65;65m[38;2;148;156;239m▄[0m[48;2;65;65;65m[38;2;148;156;239m▄[0m[48;2;65;65;65m[38;2;65;65;65m▄[0m[48;2;65;65;65m[38;2;148;156;239m▄[0m[48;2;115;115;206m[38;2;65;65;65m▄[0m[48;2;148;156;239m[38;2;115;115;206m▄[0m[48;2;189;74;82m[38;2;148;156;239m▄[0m[48;2;189;74;82m[38;2;148;156;239m▄[0m[48;2;148;156;239m[38;2;65;65;65m▄[0m[48;2;65;65;65m[38;2;65;65;65m▄[0m[48;2;148;156;239m[38;2;65;65;65m▄[0m[48;2;65;65;65m[38;2;65;65;65m▄[0m[48;2;65;65;65m[38;2;65;65;65m▄[0m[48;2;115;115;206m[38;2;65;65;65m▄[0m[48;2;65;65;65m[38;2;115;115;206m▄[0m[48;2;115;115;206m[38;2;65;65;65m▄[0m[48;2;115;115;206m[38;2;115;115;206m▄[0m[48;2;115;115;206m[38;2;115;115;206m▄[0m[48;2;115;115;206m[38;2;0;0;0m▄[0m[48;2;115;115;206m[38;2;0;0;0m▄[0m[38;2;0;0;0m▀[0m 
     [38;2;0;0;0m▀[0m[48;2;148;156;239m[38;2;0;0;0m▄[0m[48;2;148;156;239m[38;2;0;0;0m▄[0m[48;2;115;115;206m[38;2;65;65;65m▄[0m[48;2;148;156;239m[38;2;115;115;206m▄[0m[48;2;148;156;239m[38;2;148;156;239m▄[0m[48;2;148;156;239m[38;2;115;115;206m▄[0m[48;2;65;65;65m[38;2;65;65;65m▄[0m[48;2;148;156;239m[38;2;115;115;206m▄[0m[48;2;65;65;65m[38;2;65;65;65m▄[0m[48;2;115;115;206m[38;2;0;0;0m▄[0m[48;2;65;65;65m[38;2;0;0;0m▄[0m[48;2;148;156;239m[38;2;65;65;65m▄[0m[48;2;115;115;206m[38;2;115;115;206m▄[0m[48;2;148;156;239m[38;2;115;115;206m▄[0m[48;2;65;65;65m[38;2;0;0;0m▄[0m[48;2;65;65;65m[38;2;0;0;0m▄[0m[48;2;65;65;65m[38;2;0;0;0m▄[0m[48;2;65;65;65m[38;2;65;65;65m▄[0m[48;2;65;65;65m[38;2;0;0;0m▄[0m[38;2;0;0;0m▀[0m[38;2;0;0;0m▀[0m    
       [38;2;0;0;0m▀[0m[48;2;148;156;239m[38;2;0;0;0m▄[0m[48;2;148;156;239m[38;2;0;0;0m▄[0m[48;2;115;115;206m[38;2;0;0;0m▄[0m[48;2;115;115;206m[38;2;0;0;0m▄[0m[38;2;0;0;0m▀[0m[38;2;0;0;0m▀[0m[38;2;0;0;0m▀[0m  [38;2;0;0;0m▀[0m[48;2;115;115;206m[38;2;0;0;0m▄[0m[48;2;115;115;206m[38;2;0;0;0m▄[0m[38;2;0;0;0m▀[0m  [38;2;0;0;0m▀[0m[38;2;0;0;0m▀[0m      