        [38;2;0;0;0m▄[0m[48;2;0;0;0m[38;2;65;65;65m▄[0m[48;2;0;0;0m[38;2;206;74;82m▄[0m[48;2;0;0;0m[38;2;247;107;90m▄[0m[48;2;0;0;0m[38;2;247;107;90m▄[0m[48;2;0;0;0m[38;2;247;107;90m▄[0m[48;2;0;0;0m[38;2;206;74;82m▄[0m[48;2;0;0;0m[38;2;65;65;65m▄[0m[38;2;0;0;0m▄[0m       
       [38;2;0;0;0m▄[0m[48;2;0;0;0m[38;2;65;65;65m▄[0m[48;2;247;107;90m[38;2;173;66;74m▄[0m[48;2;247;107;90m[38;2;247;107;90m▄[0m[48;2;247;107;90m[38;2;247;107;90m▄[0m[48;2;247;107;90m[38;2;247;107;90m▄[0m[48;2;247;107;90m[38;2;247;107;90m▄[0m[48;2;247;107;90m[38;2;247;107;90m▄[0m[48;2;247;107;90m[38;2;173;66;74m▄[0m[48;2;0;0;0m[38;2;65;65;65m▄[0m[38;2;0;0;0m▄[0m      
      [48;2;0;0;0m[38;2;0;0;0m▄[0m[48;2;247;107;90m[38;2;247;107;90m▄[0m[48;2;65;65;65m[38;2;247;107;90m▄[0m[48;2;206;74;82m[38;2;173;66;74m▄[0m[48;2;173;66;74m[38;2;206;74;82m▄[0m[48;2;173;66;74m[38;2;206;74;82m▄[0m[48;2;173;66;74m[38;2;206;74;82m▄[0m[48;2;173;66;74m[38;2;206;74;82m▄[0m[48;2;173;66;74m[38;2;206;74;82m▄[0m[48;2;206;74;82m[38;2;173;66;74m▄[0m[48;2;65;65;65m[38;2;247;107;90m▄[0m[48;2;247;107;90m[38;2;247;107;90m▄[0m[48;2;0;0;0m[38;2;0;0;0m▄[0m     
      [48;2;0;0;0m[38;2;0;0;0m▄[0m[48;2;173;66;74m[38;2;206;74;82m▄[0m[48;2;247;107;90m[38;2;173;66;74m▄[0m[48;2;247;107;90m[38;2;173;66;74m▄[0m[48;2;173;66;74m[38;2;247;107;90m▄[0m[48;2;173;66;74m[38;2;247;107;90m▄[0m[48;2;173;66;74m[38;2;247;107;90m▄[0m[48;2;173;66;74m[38;2;247;107;90m▄[0m[48;2;173;66;74m[38;2;247;107;90m▄[0m[48;2;247;107;90m[38;2;173;66;74m▄[0m[48;2;247;107;90m[38;2;173;66;74m▄[0m[48;2;173;66;74m[38;2;206;74;82m▄[0m[48;2;0;0;0m[38;2;0;0;0m▄[0m     
   [38;2;0;0;0m▄[0m[48;2;0;0;0m[38;2;148;189;255m▄[0m[48;2;0;0;0m[38;2;148;189;255m▄[0m[48;2;65;65;65m[38;2;65;65;65m▄[0m[48;2;65;65;65m[38;2;65;65;65m▄[0m[48;2;206;74;82m[38;2;65;65;65m▄[0m[48;2;206;74;82m[38;2;65;65;65m▄[0m[48;2;173;66;74m[38;2;206;74;82m▄[0m[48;2;173;66;74m[38;2;206;74;82m▄[0m[48;2;173;66;74m[38;2;206;74;82m▄[0m[48;2;173;66;74m[38;2;206;74;82m▄[0m[48;2;173;66;74m[38;2;206;74;82m▄[0m[48;2;206;74;82m[38;2;65;65;65m▄[0m[48;2;206;74;82m[38;2;65;65;65m▄[0m[48;2;0;0;0m[38;2;65;65;65m▄[0m[38;2;0;0;0m▄[0m     
[38;2;0;0;0m▄[0m[48;2;0;0;0m[38;2;115;156;255m▄[0m[48;2;0;0;0m[38;2;74;107;181m▄[0m[48;2;148;189;255m[38;2;148;189;255m▄[0m[48;2;148;189;255m[38;2;148;189;255m▄[0m[48;2;65;65;65m[38;2;65;65;65m▄[0m[48;2;115;156;255m[38;2;65;65;65m▄[0m[48;2;65;65;65m[38;2;206;74;82m▄[0m[48;2;206;74;82m[38;2;247;107;90m▄[0m[48;2;65;65;65m[38;2;247;107;90m▄[0m[48;2;65;65;65m[38;2;65;65;65m▄[0m[48;2;197;197;197m[38;2;65;65;65m▄[0m[48;2;0;0;0m[38;2;255;255;255m▄[0m[48;2;90;132;214m[38;2;255;255;255m▄[0m[48;2;197;197;197m[38;2;65;65;65m▄[0m[48;2;65;65;65m[38;2;90;132;214m▄[0m[48;2;65;65;65m[38;2;90;132;214m▄[0m[48;2;90;132;214m[38;2;90;132;214m▄[0m[48;2;90;132;214m[38;2;65;65;65m▄[0m[48;2;0;0;0m[38;2;0;0;0m▄[0m[38;2;0;0;0m▄[0m   
[38;2;0;0;0m▀[0m[48;2;115;156;255m[38;2;0;0;0m▄[0m[48;2;74;107;181m[38;2;115;156;255m▄[0m[48;2;148;189;255m[38;2;148;189;255m▄[0m[48;2;65;65;65m[38;2;65;65;65m▄[0m[48;2;115;156;255m[38;2;65;65;65m▄[0m[48;2;65;65;65m[38;2;206;74;82m▄[0m[48;2;206;74;82m[38;2;247;107;90m▄[0m[48;2;247;107;90m[38;2;247;107;90m▄[0m[48;2;247;107;90m[38;2;65;65;65m▄[0m[48;2;65;65;65m[38;2;206;74;82m▄[0m[48;2;65;65;65m[38;2;65;65;65m▄[0m[48;2;65;65;65m[38;2;65;65;65m▄[0m[48;2;90;132;214m[38;2;115;156;255m▄[0m[48;2;115;156;255m[38;2;115;156;255m▄[0m[48;2;90;132;214m[38;2;90;132;214m▄[0m[48;2;90;132;214m[38;2;90;132;214m▄[0m[48;2;65;65;65m[38;2;65;65;65m▄[0m[48;2;148;189;255m[38;2;148;189;255m▄[0m[48;2;148;189;255m[38;2;148;189;255m▄[0m[48;2;65;65;65m[38;2;148;189;255m▄[0m[48;2;0;0;0m[38;2;0;0;0m▄[0m  
  [48;2;0;0;0m[38;2;0;0;0m▄[0m[48;2;65;65;65m[38;2;65;65;65m▄[0m[48;2;65;65;65m[38;2;247;107;90m▄[0m[48;2;247;107;90m[38;2;206;74;82m▄[0m[48;2;206;74;82m[38;2;247;107;90m▄[0m[48;2;247;107;90m[38;2;247;107;90m▄[0m[48;2;247;107;90m[38;2;65;65;65m▄[0m[48;2;65;65;65m[38;2;206;74;82m▄[0m[48;2;206;74;82m[38;2;206;74;82m▄[0m[48;2;65;65;65m[38;2;65;65;65m▄[0m[48;2;90;132;214m[38;2;115;156;255m▄[0m[48;2;115;156;255m[38;2;115;156;255m▄[0m[48;2;115;156;255m[38;2;115;156;255m▄[0m[48;2;90;132;214m[38;2;115;156;255m▄[0m[48;2;65;65;65m[38;2;65;65;65m▄[0m[48;2;148;189;255m[38;2;148;189;255m▄[0m[48;2;0;0;0m[38;2;0;0;0m▄[0m[48;2;148;189;255m[38;2;148;189;255m▄[0m[48;2;90;132;214m[38;2;74;107;181m▄[0m[48;2;115;156;255m[38;2;115;156;255m▄[0m[48;2;0;0;0m[38;2;74;107;181m▄[0m[38;2;0;0;0m▄[0m
  [38;2;0;0;0m▄[0m[48;2;0;0;0m[38;2;65;65;65m▄[0m[48;2;247;107;90m[38;2;65;65;65m▄[0m[48;2;206;74;82m[38;2;247;107;90m▄[0m[48;2;247;107;90m[38;2;247;107;90m▄[0m[48;2;247;107;90m[38;2;206;74;82m▄[0m[48;2;65;65;65m[38;2;206;74;82m▄[0m[48;2;206;74;82m[38;2;206;74;82m▄[0m[48;2;65;65;65m[38;2;206;74;82m▄[0m[48;2;65;65;65m[38;2;206;74;82m▄[0m[48;2;65;65;65m[38;2;65;65;65m▄[0m[48;2;115;156;255m[38;2;115;156;255m▄[0m[48;2;115;156;255m[38;2;115;156;255m▄[0m[48;2;115;156;255m[38;2;115;156;255m▄[0m[48;2;65;65;65m[38;2;90;132;214m▄[0m[48;2;148;189;255m[38;2;65;65;65m▄[0m[48;2;148;189;255m[38;2;148;189;255m▄[0m[48;2;74;107;181m[38;2;148;189;255m▄[0m[48;2;115;156;255m[38;2;0;0;0m▄[0m[48;2;115;156;255m[38;2;0;0;0m▄[0m[48;2;115;156;255m[38;2;0;0;0m▄[0m[38;2;0;0;0m▀[0m
  [38;2;0;0;0m▀[0m[48;2;65;65;65m[38;2;0;0;0m▄[0m[48;2;65;65;65m[38;2;65;65;65m▄[0m[48;2;65;65;65m[38;2;65;65;65m▄[0m[48;2;65;65;65m[38;2;65;65;65m▄[0m[48;2;206;74;82m[38;2;65;65;65m▄[0m[48;2;206;74;82m[38;2;65;65;65m▄[0m[48;2;206;74;82m[38;2;65;65;65m▄[0m[48;2;206;74;82m[38;2;65;65;65m▄[0m[48;2;65;65;65m[38;2;65;65;65m▄[0m[48;2;115;156;255m[38;2;65;65;65m▄[0m[48;2;115;156;255m[38;2;74;107;181m▄[0m[48;2;115;156;255m[38;2;74;107;181m▄[0m[48;2;115;156;255m[38;2;74;107;181m▄[0m[48;2;74;107;181m[38;2;74;107;181m▄[0m[48;2;74;107;181m[38;2;74;107;181m▄[0m[48;2;65;65;65m[38;2;0;0;0m▄[0m[38;2;0;0;0m▀[0m    
   [38;2;0;0;0m▀[0m[48;2;65;65;65m[38;2;0;0;0m▄[0m[38;2;0;0;0m▀[0m[48;2;65;65;65m[38;2;0;0;0m▄[0m[48;2;65;65;65m[38;2;65;65;65m▄[0m[48;2;65;65;65m[38;2;65;65;65m▄[0m[48;2;65;65;65m[38;2;0;0;0m▄[0m[48;2;65;65;65m[38;2;65;65;65m▄[0m[48;2;65;65;65m[38;2;65;65;65m▄[0m[48;2;65;65;65m[38;2;0;0;0m▄[0m[48;2;90;132;214m[38;2;0;0;0m▄[0m[48;2;90;132;214m[38;2;0;0;0m▄[0m[48;2;90;132;214m[38;2;0;0;0m▄[0m[38;2;0;0;0m▀[0m[38;2;0;0;0m▀[0m      
       [38;2;0;0;0m▀[0m[38;2;0;0;0m▀[0m [38;2;0;0;0m▀[0m[38;2;0;0;0m▀[0m            