       [38;2;0;0;0m▄[0m[48;2;0;0;0m[38;2;123;90;99m▄[0m[48;2;0;0;0m[38;2;0;0;0m▄[0m  [38;2;0;0;0m▄[0m[38;2;0;0;0m▄[0m         
   [38;2;0;0;0m▄[0m[38;2;0;0;0m▄[0m  [38;2;0;0;0m▀[0m[48;2;123;90;99m[38;2;0;0;0m▄[0m[48;2;0;0;0m[38;2;0;0;0m▄[0m [48;2;0;0;0m[38;2;0;0;0m▄[0m[48;2;123;90;99m[38;2;123;90;99m▄[0m[48;2;0;0;0m[38;2;0;0;0m▄[0m         
 [38;2;0;0;0m▄[0m[48;2;0;0;0m[38;2;123;90;99m▄[0m[48;2;255;255;255m[38;2;123;90;99m▄[0m[48;2;0;0;0m[38;2;197;197;214m▄[0m[38;2;0;0;0m▄[0m[48;2;0;0;0m[38;2;247;140;41m▄[0m[48;2;0;0;0m[38;2;123;90;99m▄[0m[48;2;123;90;99m[38;2;123;90;99m▄[0m[48;2;65;65;65m[38;2;123;90;99m▄[0m[48;2;0;0;0m[38;2;123;90;99m▄[0m[48;2;65;65;65m[38;2;123;90;99m▄[0m[48;2;0;0;0m[38;2;123;90;99m▄[0m[38;2;0;0;0m▄[0m         
[48;2;0;0;0m[38;2;0;0;0m▄[0m[48;2;255;214;66m[38;2;247;140;41m▄[0m[48;2;123;90;99m[38;2;255;214;66m▄[0m[48;2;123;90;99m[38;2;65;65;65m▄[0m[48;2;65;65;65m[38;2;255;255;255m▄[0m[48;2;247;140;41m[38;2;65;65;65m▄[0m[48;2;123;90;99m[38;2;123;90;99m▄[0m[48;2;123;90;99m[38;2;123;90;99m▄[0m[48;2;123;90;99m[38;2;247;140;41m▄[0m[48;2;123;90;99m[38;2;247;140;41m▄[0m[48;2;247;140;41m[38;2;165;90;49m▄[0m[48;2;247;140;41m[38;2;247;140;41m▄[0m[48;2;247;140;41m[38;2;247;140;41m▄[0m[48;2;206;115;41m[38;2;247;140;41m▄[0m[48;2;0;0;0m[38;2;206;115;41m▄[0m[48;2;0;0;0m[38;2;65;65;65m▄[0m[48;2;0;0;0m[38;2;255;255;255m▄[0m[38;2;0;0;0m▄[0m     
[48;2;0;0;0m[38;2;0;0;0m▄[0m[48;2;247;140;41m[38;2;247;140;41m▄[0m[48;2;247;140;41m[38;2;65;65;65m▄[0m[48;2;65;65;65m[38;2;165;90;49m▄[0m[48;2;197;197;214m[38;2;247;140;41m▄[0m[48;2;0;0;0m[38;2;247;140;41m▄[0m[48;2;214;66;66m[38;2;214;66;66m▄[0m[48;2;214;66;66m[38;2;123;90;99m▄[0m[48;2;247;140;41m[38;2;214;66;66m▄[0m[48;2;65;65;65m[38;2;0;0;0m▄[0m[48;2;197;197;214m[38;2;255;255;255m▄[0m[48;2;247;140;41m[38;2;247;140;41m▄[0m[48;2;247;140;41m[38;2;247;140;41m▄[0m[48;2;247;140;41m[38;2;123;90;99m▄[0m[48;2;65;65;65m[38;2;65;65;65m▄[0m[48;2;255;255;255m[38;2;123;90;99m▄[0m[48;2;123;90;99m[38;2;123;90;99m▄[0m[48;2;123;90;99m[38;2;123;90;99m▄[0m[48;2;0;0;0m[38;2;0;0;0m▄[0m    
 [38;2;0;0;0m▀[0m[48;2;65;65;65m[38;2;0;0;0m▄[0m[48;2;247;140;41m[38;2;123;90;99m▄[0m[48;2;165;90;49m[38;2;247;140;41m▄[0m[48;2;255;255;255m[38;2;206;115;41m▄[0m[48;2;247;140;41m[38;2;165;90;49m▄[0m[48;2;247;140;41m[38;2;165;90;49m▄[0m[48;2;247;140;41m[38;2;165;90;49m▄[0m[48;2;247;140;41m[38;2;255;255;255m▄[0m[48;2;165;90;49m[38;2;247;140;41m▄[0m[48;2;247;140;41m[38;2;123;90;99m▄[0m[48;2;123;90;99m[38;2;247;140;41m▄[0m[48;2;247;140;41m[38;2;247;140;41m▄[0m[48;2;255;214;66m[38;2;247;140;41m▄[0m[48;2;123;90;99m[38;2;255;214;66m▄[0m[48;2;123;90;99m[38;2;255;214;66m▄[0m[48;2;65;65;65m[38;2;197;148;49m▄[0m[48;2;0;0;0m[38;2;0;0;0m▄[0m    
  [48;2;0;0;0m[38;2;0;0;0m▄[0m[48;2;255;214;66m[38;2;255;214;66m▄[0m[48;2;255;214;66m[38;2;197;148;49m▄[0m[48;2;247;140;41m[38;2;123;90;99m▄[0m[48;2;247;140;41m[38;2;247;140;41m▄[0m[48;2;247;140;41m[38;2;247;140;41m▄[0m[48;2;247;140;41m[38;2;206;115;41m▄[0m[48;2;206;115;41m[38;2;255;214;66m▄[0m[48;2;65;65;65m[38;2;255;214;66m▄[0m[48;2;123;90;99m[38;2;65;65;65m▄[0m[48;2;206;115;41m[38;2;123;90;99m▄[0m[48;2;247;140;41m[38;2;206;115;41m▄[0m[48;2;247;140;41m[38;2;206;115;41m▄[0m[48;2;247;140;41m[38;2;65;65;65m▄[0m[48;2;206;115;41m[38;2;0;0;0m▄[0m[38;2;0;0;0m▀[0m[38;2;0;0;0m▄[0m[48;2;0;0;0m[38;2;0;0;0m▄[0m[48;2;0;0;0m[38;2;65;65;65m▄[0m[38;2;0;0;0m▄[0m 
   [48;2;0;0;0m[38;2;0;0;0m▄[0m[48;2;255;214;66m[38;2;65;65;65m▄[0m[48;2;123;90;99m[38;2;123;90;99m▄[0m[48;2;247;140;41m[38;2;123;90;99m▄[0m[48;2;123;90;99m[38;2;123;90;99m▄[0m[48;2;206;115;41m[38;2;255;214;66m▄[0m[48;2;255;214;66m[38;2;197;148;49m▄[0m[48;2;255;214;66m[38;2;65;65;65m▄[0m[48;2;65;65;65m[38;2;123;90;99m▄[0m[48;2;123;90;99m[38;2;123;90;99m▄[0m[48;2;123;90;99m[38;2;123;90;99m▄[0m[48;2;123;90;99m[38;2;123;90;99m▄[0m[48;2;123;90;99m[38;2;123;90;99m▄[0m[48;2;0;0;0m[38;2;0;0;0m▄[0m[38;2;0;0;0m▄[0m[48;2;0;0;0m[38;2;65;65;65m▄[0m[48;2;65;65;65m[38;2;65;65;65m▄[0m[48;2;65;65;65m[38;2;65;65;65m▄[0m[48;2;65;65;65m[38;2;65;65;65m▄[0m[48;2;0;0;0m[38;2;0;0;0m▄[0m
  [48;2;0;0;0m[38;2;0;0;0m▄[0m[48;2;206;115;41m[38;2;197;197;214m▄[0m[48;2;65;65;65m[38;2;206;115;41m▄[0m[48;2;123;90;99m[38;2;65;65;65m▄[0m[48;2;123;90;99m[38;2;0;0;0m▄[0m[48;2;123;90;99m[38;2;123;90;99m▄[0m[48;2;255;214;66m[38;2;123;90;99m▄[0m[48;2;255;214;66m[38;2;123;90;99m▄[0m[48;2;123;90;99m[38;2;65;65;65m▄[0m[48;2;123;90;99m[38;2;247;140;41m▄[0m[48;2;247;140;41m[38;2;247;140;41m▄[0m[48;2;247;140;41m[38;2;247;140;41m▄[0m[48;2;123;90;99m[38;2;247;140;41m▄[0m[48;2;65;65;65m[38;2;0;0;0m▄[0m[48;2;65;65;65m[38;2;0;0;0m▄[0m[48;2;65;65;65m[38;2;0;0;0m▄[0m[38;2;0;0;0m▀[0m[48;2;0;0;0m[38;2;0;0;0m▄[0m[48;2;65;65;65m[38;2;0;0;0m▄[0m[38;2;0;0;0m▀[0m 
   [38;2;0;0;0m▀[0m[38;2;0;0;0m▀[0m[38;2;0;0;0m▀[0m [38;2;0;0;0m▀[0m[38;2;0;0;0m▀[0m[38;2;0;0;0m▀[0m[38;2;0;0;0m▀[0m[48;2;247;140;41m[38;2;0;0;0m▄[0m[48;2;247;140;41m[38;2;255;255;255m▄[0m[48;2;247;140;41m[38;2;255;255;255m▄[0m[48;2;206;115;41m[38;2;0;0;0m▄[0m[38;2;0;0;0m▀[0m       
            [38;2;0;0;0m▀[0m[38;2;0;0;0m▀[0m         