  [38;2;0;0;0m▄[0m[48;2;0;0;0m[38;2;255;255;255m▄[0m[48;2;0;0;0m[38;2;0;0;0m▄[0m            
 [38;2;0;0;0m▄[0m[48;2;0;0;0m[38;2;255;255;255m▄[0m[48;2;255;255;255m[38;2;255;255;255m▄[0m[48;2;0;0;0m[38;2;0;0;0m▄[0m[38;2;0;0;0m▄[0m[48;2;0;0;0m[38;2;189;189;189m▄[0m[48;2;0;0;0m[38;2;0;0;0m▄[0m         
[38;2;0;0;0m▄[0m[48;2;0;0;0m[38;2;255;255;255m▄[0m[48;2;255;255;255m[38;2;255;255;255m▄[0m[48;2;255;255;255m[38;2;255;255;255m▄[0m[48;2;255;255;255m[38;2;255;255;255m▄[0m[48;2;107;107;107m[38;2;189;189;189m▄[0m[48;2;189;189;189m[38;2;65;65;65m▄[0m[48;2;189;189;189m[38;2;65;65;65m▄[0m[48;2;0;0;0m[38;2;189;189;189m▄[0m[48;2;0;0;0m[38;2;0;0;0m▄[0m       
[48;2;0;0;0m[38;2;0;0;0m▄[0m[48;2;255;255;255m[38;2;0;0;0m▄[0m[48;2;65;65;65m[38;2;65;65;65m▄[0m[48;2;255;255;255m[38;2;255;255;255m▄[0m[48;2;65;65;65m[38;2;107;107;107m▄[0m[48;2;65;65;65m[38;2;65;65;65m▄[0m[48;2;33;140;189m[38;2;115;173;206m▄[0m[48;2;65;65;65m[38;2;65;65;65m▄[0m[48;2;65;65;65m[38;2;0;0;0m▄[0m[38;2;0;0;0m▀[0m    [38;2;0;0;0m▄[0m[38;2;0;0;0m▄[0m 
 [48;2;0;0;0m[38;2;0;0;0m▄[0m[48;2;107;107;107m[38;2;107;107;107m▄[0m[48;2;65;65;65m[38;2;107;107;107m▄[0m[48;2;107;107;107m[38;2;107;107;107m▄[0m[48;2;107;107;107m[38;2;247;247;41m▄[0m[48;2;65;65;65m[38;2;107;107;107m▄[0m[48;2;107;107;107m[38;2;107;107;107m▄[0m[48;2;65;65;65m[38;2;107;107;107m▄[0m[48;2;0;0;0m[38;2;0;0;0m▄[0m [38;2;0;0;0m▄[0m[38;2;0;0;0m▄[0m[48;2;0;0;0m[38;2;255;255;255m▄[0m[48;2;255;255;255m[38;2;255;255;255m▄[0m[48;2;0;0;0m[38;2;0;0;0m▄[0m[38;2;0;0;0m▄[0m
[48;2;0;0;0m[38;2;0;0;0m▄[0m[48;2;107;107;107m[38;2;65;65;65m▄[0m[48;2;107;107;107m[38;2;65;65;65m▄[0m[48;2;107;107;107m[38;2;107;107;107m▄[0m[48;2;107;107;107m[38;2;107;107;107m▄[0m[48;2;115;173;206m[38;2;0;0;0m▄[0m[48;2;247;247;41m[38;2;247;247;41m▄[0m[48;2;107;107;107m[38;2;107;107;107m▄[0m[48;2;107;107;107m[38;2;189;189;189m▄[0m[48;2;0;0;0m[38;2;189;189;189m▄[0m[48;2;0;0;0m[38;2;107;107;107m▄[0m[48;2;189;189;189m[38;2;189;189;189m▄[0m[48;2;107;107;107m[38;2;189;189;189m▄[0m[48;2;65;65;65m[38;2;107;107;107m▄[0m[48;2;255;255;255m[38;2;65;65;65m▄[0m[48;2;255;255;255m[38;2;189;189;189m▄[0m[48;2;0;0;0m[38;2;0;0;0m▄[0m
[38;2;0;0;0m▀[0m[48;2;65;65;65m[38;2;0;0;0m▄[0m[48;2;65;65;65m[38;2;0;0;0m▄[0m[48;2;107;107;107m[38;2;0;0;0m▄[0m[48;2;107;107;107m[38;2;65;65;65m▄[0m[48;2;206;165;41m[38;2;107;107;107m▄[0m[48;2;107;107;107m[38;2;107;107;107m▄[0m[48;2;107;107;107m[38;2;107;107;107m▄[0m[48;2;107;107;107m[38;2;107;107;107m▄[0m[48;2;189;189;189m[38;2;107;107;107m▄[0m[48;2;107;107;107m[38;2;107;107;107m▄[0m[48;2;107;107;107m[38;2;107;107;107m▄[0m[48;2;189;189;189m[38;2;107;107;107m▄[0m[48;2;107;107;107m[38;2;107;107;107m▄[0m[48;2;107;107;107m[38;2;189;189;189m▄[0m[48;2;0;0;0m[38;2;0;0;0m▄[0m 
   [48;2;0;0;0m[38;2;0;0;0m▄[0m[48;2;107;107;107m[38;2;189;189;189m▄[0m[48;2;107;107;107m[38;2;255;255;255m▄[0m[48;2;107;107;107m[38;2;255;255;255m▄[0m[48;2;189;189;189m[38;2;255;255;255m▄[0m[48;2;255;255;255m[38;2;107;107;107m▄[0m[48;2;107;107;107m[38;2;107;107;107m▄[0m[48;2;107;107;107m[38;2;107;107;107m▄[0m[48;2;107;107;107m[38;2;65;65;65m▄[0m[48;2;107;107;107m[38;2;0;0;0m▄[0m[48;2;189;189;189m[38;2;107;107;107m▄[0m[48;2;189;189;189m[38;2;107;107;107m▄[0m[48;2;0;0;0m[38;2;0;0;0m▄[0m 
   [38;2;0;0;0m▀[0m[48;2;65;65;65m[38;2;0;0;0m▄[0m[48;2;189;189;189m[38;2;65;65;65m▄[0m[48;2;189;189;189m[38;2;0;0;0m▄[0m[48;2;107;107;107m[38;2;0;0;0m▄[0m[48;2;107;107;107m[38;2;107;107;107m▄[0m[48;2;107;107;107m[38;2;107;107;107m▄[0m[48;2;107;107;107m[38;2;0;0;0m▄[0m[38;2;0;0;0m▀[0m [48;2;0;0;0m[38;2;0;0;0m▄[0m[48;2;189;189;189m[38;2;107;107;107m▄[0m[48;2;0;0;0m[38;2;0;0;0m▄[0m 
    [48;2;0;0;0m[38;2;0;0;0m▄[0m[48;2;189;189;189m[38;2;107;107;107m▄[0m[48;2;0;0;0m[38;2;0;0;0m▄[0m [48;2;0;0;0m[38;2;0;0;0m▄[0m[48;2;107;107;107m[38;2;189;189;189m▄[0m[48;2;0;0;0m[38;2;0;0;0m▄[0m  [38;2;0;0;0m▀[0m[38;2;0;0;0m▀[0m  
    [38;2;0;0;0m▀[0m[38;2;0;0;0m▀[0m  [48;2;0;0;0m[38;2;0;0;0m▄[0m[48;2;107;107;107m[38;2;0;0;0m▄[0m[38;2;0;0;0m▀[0m      