                          [38;2;0;0;0m▄[0m[38;2;0;0;0m▄[0m[48;2;0;0;0m[38;2;255;239;181m▄[0m[48;2;0;0;0m[38;2;255;239;178m▄[0m[48;2;0;0;0m[38;2;255;239;178m▄[0m[38;2;0;0;0m▄[0m[38;2;0;0;0m▄[0m    
                         [48;2;0;0;0m[38;2;0;0;0m▄[0m[48;2;255;239;181m[38;2;255;239;181m▄[0m[48;2;255;239;181m[38;2;255;239;181m▄[0m[48;2;255;239;181m[38;2;255;239;181m▄[0m[48;2;255;239;178m[38;2;178;152;93m▄[0m[48;2;255;239;178m[38;2;178;152;93m▄[0m[48;2;255;239;181m[38;2;255;239;181m▄[0m[48;2;255;239;181m[38;2;255;239;181m▄[0m[48;2;0;0;0m[38;2;255;239;181m▄[0m[38;2;0;0;0m▄[0m  
                        [48;2;0;0;0m[38;2;0;0;0m▄[0m[48;2;255;239;181m[38;2;255;239;181m▄[0m[48;2;255;239;181m[38;2;255;239;181m▄[0m[48;2;255;239;181m[38;2;255;239;178m▄[0m[48;2;178;152;93m[38;2;255;239;178m▄[0m[48;2;255;239;181m[38;2;255;239;178m▄[0m[48;2;255;239;181m[38;2;255;239;178m▄[0m[48;2;178;152;93m[38;2;170;156;110m▄[0m[48;2;255;239;181m[38;2;255;235;165m▄[0m[48;2;255;239;181m[38;2;192;178;140m▄[0m[48;2;0;0;0m[38;2;192;178;140m▄[0m[38;2;0;0;0m▄[0m 
                        [38;2;0;0;0m▀[0m[48;2;123;131;137m[38;2;0;0;0m▄[0m[48;2;255;239;181m[38;2;123;130;140m▄[0m[48;2;255;239;178m[38;2;255;239;181m▄[0m[48;2;255;239;178m[38;2;255;239;181m▄[0m[48;2;255;239;178m[38;2;255;239;181m▄[0m[48;2;255;239;178m[38;2;0;0;0m▄[0m[38;2;0;0;0m▀[0m[48;2;85;78;55m[38;2;0;0;0m▄[0m[48;2;192;178;140m[38;2;189;178;140m▄[0m[48;2;192;178;140m[38;2;189;178;140m▄[0m[48;2;0;0;0m[38;2;189;178;140m▄[0m[38;2;0;0;0m▄[0m
     [38;2;0;0;0m▄[0m[48;2;0;0;0m[38;2;103;85;49m▄[0m[48;2;0;0;0m[38;2;66;62;54m▄[0m[38;2;0;4;8m▄[0m         [38;2;0;0;0m▄[0m[38;2;0;0;0m▄[0m      [38;2;0;0;0m▀[0m[38;2;0;0;0m▀[0m[38;2;0;0;0m▀[0m[38;2;0;0;0m▀[0m   [48;2;0;0;0m[38;2;0;0;0m▄[0m[48;2;189;178;140m[38;2;189;178;140m▄[0m[48;2;189;178;140m[38;2;189;178;140m▄[0m[48;2;0;0;0m[38;2;0;0;0m▄[0m
     [48;2;0;0;0m[38;2;0;0;0m▄[0m[48;2;103;85;49m[38;2;103;85;49m▄[0m[48;2;66;62;54m[38;2;101;85;49m▄[0m[48;2;198;178;148m[38;2;66;65;66m▄[0m[48;2;0;0;0m[38;2;189;178;140m▄[0m[38;2;0;0;0m▄[0m[38;2;0;0;0m▄[0m   [38;2;0;0;0m▄[0m[48;2;0;0;0m[38;2;103;85;49m▄[0m[48;2;0;0;0m[38;2;101;85;49m▄[0m[48;2;103;85;49m[38;2;101;85;49m▄[0m[48;2;103;85;49m[38;2;101;85;49m▄[0m[48;2;0;0;0m[38;2;101;85;49m▄[0m[38;2;0;0;0m▄[0m          [38;2;0;0;0m▄[0m[48;2;0;0;0m[38;2;255;239;181m▄[0m[48;2;189;178;140m[38;2;192;178;142m▄[0m[48;2;189;178;140m[38;2;0;0;0m▄[0m[38;2;0;0;0m▀[0m
      [48;2;0;0;0m[38;2;0;0;0m▄[0m[48;2;101;85;49m[38;2;74;73;57m▄[0m[48;2;66;65;66m[38;2;74;73;57m▄[0m[48;2;189;178;140m[38;2;66;65;66m▄[0m[48;2;189;178;140m[38;2;192;181;142m▄[0m[48;2;189;178;140m[38;2;255;239;178m▄[0m[48;2;0;0;0m[38;2;255;239;178m▄[0m[48;2;0;0;0m[38;2;255;239;181m▄[0m[48;2;0;0;0m[38;2;74;73;57m▄[0m[48;2;103;85;49m[38;2;101;93;65m▄[0m[48;2;103;85;49m[38;2;66;65;57m▄[0m[48;2;66;65;66m[38;2;176;152;90m▄[0m[48;2;66;65;66m[38;2;176;152;90m▄[0m[48;2;101;85;49m[38;2;175;152;93m▄[0m[48;2;101;85;49m[38;2;99;85;49m▄[0m[48;2;0;0;0m[38;2;0;0;0m▄[0m          [48;2;0;0;0m[38;2;0;0;0m▄[0m[48;2;255;239;181m[38;2;255;239;181m▄[0m[48;2;255;239;181m[38;2;255;239;181m▄[0m[48;2;0;0;0m[38;2;0;0;0m▄[0m 
     [38;2;0;0;0m▄[0m[48;2;0;0;0m[38;2;255;239;181m▄[0m[48;2;255;239;181m[38;2;255;255;255m▄[0m[48;2;74;73;57m[38;2;255;101;66m▄[0m[48;2;66;65;66m[38;2;214;181;142m▄[0m[48;2;255;239;181m[38;2;247;239;181m▄[0m[48;2;255;239;178m[38;2;255;239;181m▄[0m[48;2;255;239;178m[38;2;66;65;66m▄[0m[48;2;74;73;57m[38;2;74;73;57m▄[0m[48;2;74;73;57m[38;2;74;73;57m▄[0m[48;2;66;65;57m[38;2;66;65;66m▄[0m[48;2;173;150;82m[38;2;66;65;66m▄[0m[48;2;176;152;90m[38;2;66;65;66m▄[0m[48;2;176;152;90m[38;2;176;151;93m▄[0m[48;2;175;152;93m[38;2;103;85;49m▄[0m[48;2;99;85;49m[38;2;0;0;0m▄[0m[38;2;0;0;0m▀[0m        [38;2;0;0;0m▄[0m[48;2;0;0;0m[38;2;255;239;181m▄[0m[48;2;255;239;181m[38;2;255;239;181m▄[0m[48;2;255;239;181m[38;2;255;239;181m▄[0m[48;2;0;0;0m[38;2;0;0;0m▄[0m  
[38;2;0;0;0m▄[0m[48;2;0;0;0m[38;2;189;178;140m▄[0m[48;2;0;0;0m[38;2;189;178;140m▄[0m[38;2;0;0;0m▄[0m[38;2;0;0;0m▄[0m[48;2;0;0;0m[38;2;255;239;181m▄[0m[48;2;255;239;181m[38;2;255;239;181m▄[0m[48;2;255;101;66m[38;2;214;181;142m▄[0m[48;2;255;101;66m[38;2;148;65;66m▄[0m[48;2;148;65;66m[38;2;192;178;142m▄[0m[48;2;247;239;181m[38;2;255;239;181m▄[0m[48;2;255;239;181m[38;2;255;239;178m▄[0m[48;2;66;65;66m[38;2;255;239;178m▄[0m[48;2;74;73;57m[38;2;255;239;181m▄[0m[48;2;255;239;181m[38;2;255;239;181m▄[0m[48;2;255;239;181m[38;2;255;239;181m▄[0m[48;2;255;239;181m[38;2;255;239;181m▄[0m[48;2;66;65;66m[38;2;255;239;181m▄[0m[48;2;66;65;66m[38;2;66;65;66m▄[0m[48;2;0;0;0m[38;2;0;0;0m▄[0m      [38;2;0;0;0m▄[0m[48;2;0;0;0m[38;2;255;239;178m▄[0m[48;2;0;0;0m[38;2;255;239;178m▄[0m[48;2;0;0;0m[38;2;255;239;178m▄[0m[48;2;173;154;90m[38;2;255;239;178m▄[0m[48;2;178;152;93m[38;2;170;156;110m▄[0m[48;2;255;239;181m[38;2;0;0;0m▄[0m[38;2;0;0;0m▀[0m   
 [38;2;0;0;0m▀[0m[38;2;0;0;0m▀[0m[48;2;189;178;140m[38;2;0;4;8m▄[0m[48;2;189;178;140m[38;2;66;62;54m▄[0m[48;2;66;65;66m[38;2;255;251;247m▄[0m[48;2;255;239;181m[38;2;123;52;41m▄[0m[48;2;247;239;181m[38;2;255;239;178m▄[0m[48;2;247;239;181m[38;2;255;239;178m▄[0m[48;2;255;239;181m[38;2;255;239;178m▄[0m[48;2;255;239;181m[38;2;255;239;178m▄[0m[48;2;255;239;178m[38;2;255;247;214m▄[0m[48;2;255;239;178m[38;2;66;65;66m▄[0m[48;2;255;239;181m[38;2;123;52;41m▄[0m[48;2;66;65;66m[38;2;255;251;247m▄[0m[48;2;66;65;66m[38;2;255;255;255m▄[0m[48;2;66;65;66m[38;2;156;147;101m▄[0m[48;2;192;181;142m[38;2;192;178;142m▄[0m[48;2;192;181;142m[38;2;192;178;142m▄[0m[48;2;0;0;0m[38;2;85;79;60m▄[0m[38;2;0;0;0m▄[0m[38;2;0;0;0m▄[0m[48;2;0;0;0m[38;2;255;239;181m▄[0m[48;2;0;0;0m[38;2;255;239;178m▄[0m[48;2;0;0;0m[38;2;255;239;178m▄[0m[48;2;0;0;0m[38;2;255;239;178m▄[0m[48;2;255;239;181m[38;2;255;239;178m▄[0m[48;2;255;239;178m[38;2;255;239;178m▄[0m[48;2;255;239;178m[38;2;255;239;178m▄[0m[48;2;255;239;178m[38;2;255;239;178m▄[0m[48;2;255;239;178m[38;2;255;239;178m▄[0m[48;2;255;235;165m[38;2;255;239;178m▄[0m[48;2;0;0;0m[38;2;255;239;178m▄[0m[38;2;0;0;0m▄[0m   
[38;2;0;0;0m▄[0m[48;2;0;0;0m[38;2;189;178;140m▄[0m[48;2;0;0;0m[38;2;189;178;140m▄[0m[48;2;66;62;54m[38;2;192;178;142m▄[0m[48;2;198;178;148m[38;2;66;65;66m▄[0m[48;2;255;251;247m[38;2;255;247;214m▄[0m[48;2;167;118;109m[38;2;107;65;66m▄[0m[48;2;255;239;178m[38;2;255;239;178m▄[0m[48;2;255;239;178m[38;2;255;239;178m▄[0m[48;2;255;239;178m[38;2;255;239;181m▄[0m[48;2;255;239;178m[38;2;66;65;66m▄[0m[48;2;66;65;66m[38;2;156;147;101m▄[0m[48;2;255;247;214m[38;2;255;255;255m▄[0m[48;2;167;118;109m[38;2;156;65;66m▄[0m[48;2;255;251;247m[38;2;255;255;255m▄[0m[48;2;255;255;255m[38;2;255;255;255m▄[0m[48;2;156;147;101m[38;2;156;146;99m▄[0m[48;2;66;65;66m[38;2;192;178;142m▄[0m[48;2;66;65;66m[38;2;192;178;142m▄[0m[48;2;255;239;181m[38;2;66;65;66m▄[0m[48;2;255;239;181m[38;2;66;65;66m▄[0m[48;2;255;239;181m[38;2;66;65;66m▄[0m[48;2;85;79;60m[38;2;255;239;181m▄[0m[48;2;255;239;178m[38;2;255;239;178m▄[0m[48;2;255;239;178m[38;2;255;239;178m▄[0m[48;2;255;239;178m[38;2;255;239;178m▄[0m[48;2;255;239;178m[38;2;255;239;178m▄[0m[48;2;255;239;178m[38;2;255;239;178m▄[0m[48;2;255;239;178m[38;2;255;239;178m▄[0m[48;2;255;239;178m[38;2;255;239;178m▄[0m[48;2;255;239;178m[38;2;255;239;178m▄[0m[48;2;255;239;178m[38;2;255;239;178m▄[0m[48;2;255;239;178m[38;2;255;239;178m▄[0m[48;2;0;0;0m[38;2;255;239;181m▄[0m[38;2;0;0;0m▄[0m  
[38;2;0;0;0m▄[0m[48;2;0;4;8m[38;2;189;178;140m▄[0m[48;2;63;62;52m[38;2;189;178;140m▄[0m[48;2;66;65;66m[38;2;189;178;140m▄[0m[48;2;192;178;142m[38;2;0;0;0m▄[0m[48;2;107;65;66m[38;2;0;0;0m▄[0m[48;2;255;247;214m[38;2;189;178;140m▄[0m[48;2;255;239;178m[38;2;99;85;74m▄[0m[48;2;255;239;178m[38;2;99;85;74m▄[0m[48;2;255;239;181m[38;2;255;235;165m▄[0m[48;2;255;239;181m[38;2;197;183;145m▄[0m[48;2;156;147;101m[38;2;189;178;132m▄[0m[48;2;255;255;255m[38;2;153;147;123m▄[0m[48;2;156;65;66m[38;2;153;147;98m▄[0m[48;2;255;255;255m[38;2;153;147;98m▄[0m[48;2;156;146;99m[38;2;192;178;142m▄[0m[48;2;189;182;151m[38;2;192;178;142m▄[0m[48;2;66;65;66m[38;2;192;178;142m▄[0m[48;2;66;65;66m[38;2;192;178;142m▄[0m[48;2;192;178;142m[38;2;66;65;66m▄[0m[48;2;192;178;142m[38;2;66;65;66m▄[0m[48;2;255;239;181m[38;2;66;65;66m▄[0m[48;2;255;239;181m[38;2;255;239;181m▄[0m[48;2;255;239;178m[38;2;255;239;178m▄[0m[48;2;255;239;178m[38;2;255;239;178m▄[0m[48;2;255;239;178m[38;2;255;239;181m▄[0m[48;2;255;239;178m[38;2;255;239;181m▄[0m[48;2;255;239;178m[38;2;255;239;181m▄[0m[48;2;255;239;178m[38;2;255;239;181m▄[0m[48;2;255;239;178m[38;2;255;239;178m▄[0m[48;2;255;239;178m[38;2;255;239;178m▄[0m[48;2;255;239;178m[38;2;255;239;178m▄[0m[48;2;255;239;178m[38;2;255;239;178m▄[0m[48;2;255;239;181m[38;2;255;239;181m▄[0m[48;2;0;0;0m[38;2;0;0;0m▄[0m  
 [38;2;0;0;0m▀[0m[38;2;0;0;0m▀[0m[38;2;0;0;0m▀[0m  [38;2;0;0;0m▀[0m[48;2;192;177;140m[38;2;0;0;0m▄[0m[48;2;99;85;74m[38;2;0;0;0m▄[0m[48;2;82;81;107m[38;2;189;178;156m▄[0m[48;2;197;183;145m[38;2;94;89;82m▄[0m[48;2;189;178;132m[38;2;94;89;82m▄[0m[48;2;82;85;107m[38;2;189;178;156m▄[0m[48;2;192;177;139m[38;2;66;65;66m▄[0m[48;2;192;177;139m[38;2;66;65;66m▄[0m[48;2;66;65;66m[38;2;192;178;142m▄[0m[48;2;192;178;142m[38;2;66;65;66m▄[0m[48;2;66;65;66m[38;2;192;181;142m▄[0m[48;2;66;65;66m[38;2;255;239;181m▄[0m[48;2;255;239;181m[38;2;66;65;66m▄[0m[48;2;255;239;181m[38;2;66;65;66m▄[0m[48;2;255;239;181m[38;2;66;65;66m▄[0m[48;2;66;65;66m[38;2;255;239;181m▄[0m[48;2;255;239;178m[38;2;255;239;181m▄[0m[48;2;255;239;178m[38;2;255;239;181m▄[0m[48;2;255;239;181m[38;2;189;178;140m▄[0m[48;2;192;178;142m[38;2;189;178;140m▄[0m[48;2;192;178;142m[38;2;198;178;132m▄[0m[48;2;255;239;181m[38;2;99;89;66m▄[0m[48;2;255;239;178m[38;2;255;239;178m▄[0m[48;2;255;239;178m[38;2;255;239;178m▄[0m[48;2;255;239;178m[38;2;255;239;178m▄[0m[48;2;255;239;178m[38;2;255;239;178m▄[0m[48;2;0;0;0m[38;2;0;0;0m▄[0m   
         [38;2;0;0;8m▀[0m[38;2;0;0;8m▀[0m[38;2;0;0;8m▀[0m[38;2;0;0;8m▀[0m[38;2;66;65;66m▀[0m[48;2;192;178;142m[38;2;0;0;0m▄[0m[48;2;192;178;142m[38;2;189;178;140m▄[0m[48;2;192;178;142m[38;2;189;178;140m▄[0m[48;2;66;65;66m[38;2;192;178;140m▄[0m[48;2;66;65;66m[38;2;192;178;140m▄[0m[48;2;255;239;181m[38;2;66;65;66m▄[0m[48;2;255;239;181m[38;2;66;65;66m▄[0m[48;2;66;65;66m[38;2;255;239;178m▄[0m[48;2;255;239;181m[38;2;255;239;178m▄[0m[48;2;255;239;181m[38;2;255;247;189m▄[0m[48;2;192;178;142m[38;2;0;4;0m▄[0m[38;2;0;0;0m▀[0m[38;2;0;0;0m▀[0m[38;2;0;0;0m▀[0m[38;2;0;0;0m▀[0m[48;2;255;239;178m[38;2;0;0;0m▄[0m[48;2;255;239;178m[38;2;189;178;140m▄[0m[48;2;255;239;178m[38;2;255;239;181m▄[0m[48;2;255;239;178m[38;2;255;239;181m▄[0m[48;2;255;239;181m[38;2;192;178;140m▄[0m[48;2;0;0;0m[38;2;192;178;140m▄[0m[38;2;0;0;0m▄[0m 
               [38;2;0;0;0m▀[0m[48;2;189;178;140m[38;2;0;0;0m▄[0m[48;2;192;178;140m[38;2;192;178;140m▄[0m[48;2;192;178;140m[38;2;192;178;140m▄[0m[48;2;192;181;142m[38;2;66;65;66m▄[0m[48;2;255;239;181m[38;2;255;239;181m▄[0m[48;2;255;239;178m[38;2;255;239;178m▄[0m[48;2;255;239;178m[38;2;255;239;178m▄[0m[48;2;170;166;126m[38;2;0;0;0m▄[0m[38;2;0;4;0m▀[0m     [48;2;0;0;0m[38;2;0;0;0m▄[0m[48;2;192;178;142m[38;2;192;178;140m▄[0m[48;2;192;178;142m[38;2;192;178;140m▄[0m[48;2;192;178;140m[38;2;189;178;140m▄[0m[48;2;192;178;140m[38;2;0;0;0m▄[0m[38;2;0;0;0m▀[0m 
                [48;2;0;0;0m[38;2;0;0;0m▄[0m[48;2;192;178;140m[38;2;192;178;142m▄[0m[48;2;192;178;140m[38;2;192;178;142m▄[0m[48;2;192;181;142m[38;2;192;181;142m▄[0m[48;2;66;65;66m[38;2;66;65;66m▄[0m[48;2;255;239;178m[38;2;255;239;178m▄[0m[48;2;255;239;178m[38;2;255;239;178m▄[0m[48;2;0;0;0m[38;2;255;239;181m▄[0m[38;2;0;0;0m▄[0m  [38;2;0;0;0m▄[0m[48;2;0;0;0m[38;2;189;178;140m▄[0m[48;2;0;0;0m[38;2;66;65;66m▄[0m[48;2;189;178;140m[38;2;192;178;142m▄[0m[48;2;192;178;140m[38;2;66;65;66m▄[0m[48;2;192;178;140m[38;2;192;178;142m▄[0m[48;2;189;178;140m[38;2;189;178;140m▄[0m[48;2;0;0;0m[38;2;0;0;0m▄[0m  
              [38;2;0;0;0m▄[0m[48;2;0;0;0m[38;2;192;178;142m▄[0m[48;2;189;178;140m[38;2;192;178;142m▄[0m[48;2;192;178;142m[38;2;66;65;66m▄[0m[48;2;66;65;66m[38;2;66;65;66m▄[0m[48;2;66;65;66m[38;2;255;239;181m▄[0m[48;2;255;239;181m[38;2;255;239;181m▄[0m[48;2;255;239;178m[38;2;255;239;181m▄[0m[48;2;255;239;178m[38;2;255;239;181m▄[0m[48;2;255;239;181m[38;2;0;0;0m▄[0m[38;2;0;0;0m▀[0m  [38;2;0;0;0m▀[0m[48;2;189;178;140m[38;2;0;0;0m▄[0m[48;2;66;65;66m[38;2;0;0;0m▄[0m[48;2;192;178;142m[38;2;0;0;0m▄[0m[48;2;66;65;66m[38;2;0;0;0m▄[0m[48;2;192;178;142m[38;2;0;0;0m▄[0m[38;2;0;0;0m▀[0m   
              [38;2;0;0;0m▀[0m[48;2;66;65;66m[38;2;0;0;0m▄[0m[48;2;192;178;142m[38;2;0;0;0m▄[0m[48;2;66;65;66m[38;2;0;0;0m▄[0m[48;2;255;239;181m[38;2;255;239;181m▄[0m[48;2;66;65;66m[38;2;82;78;60m▄[0m[48;2;255;239;181m[38;2;247;235;181m▄[0m[48;2;66;65;66m[38;2;66;65;66m▄[0m[48;2;255;239;181m[38;2;0;0;0m▄[0m[38;2;0;0;0m▀[0m             
                  [38;2;0;0;0m▀[0m[38;2;0;0;0m▀[0m[38;2;0;0;0m▀[0m[38;2;0;0;0m▀[0m               