 [38;2;0;0;0m▄[0m[48;2;0;0;0m[38;2;247;107;99m▄[0m[48;2;0;0;0m[38;2;247;107;99m▄[0m[38;2;0;0;0m▄[0m[38;2;0;0;0m▄[0m[38;2;0;0;0m▄[0m                    
[38;2;0;0;0m▀[0m[48;2;247;107;99m[38;2;0;0;0m▄[0m[48;2;247;107;99m[38;2;140;58;58m▄[0m[48;2;247;107;99m[38;2;197;82;74m▄[0m[48;2;247;107;99m[38;2;247;107;99m▄[0m[48;2;247;107;99m[38;2;247;107;99m▄[0m[48;2;247;107;99m[38;2;247;107;99m▄[0m[48;2;0;0;0m[38;2;247;107;99m▄[0m[48;2;0;0;0m[38;2;247;107;99m▄[0m[48;2;0;0;0m[38;2;247;107;99m▄[0m[38;2;0;0;0m▄[0m[38;2;0;0;0m▄[0m[38;2;0;0;0m▄[0m              
[38;2;0;0;0m▀[0m[48;2;140;58;58m[38;2;0;0;0m▄[0m[48;2;140;58;58m[38;2;0;0;0m▄[0m[48;2;140;58;58m[38;2;0;0;0m▄[0m[48;2;140;58;58m[38;2;140;58;58m▄[0m[48;2;140;58;58m[38;2;140;58;58m▄[0m[48;2;197;82;74m[38;2;140;58;58m▄[0m[48;2;247;107;99m[38;2;140;58;58m▄[0m[48;2;247;107;99m[38;2;140;58;58m▄[0m[48;2;247;107;99m[38;2;197;82;74m▄[0m[48;2;247;107;99m[38;2;247;107;99m▄[0m[48;2;247;107;99m[38;2;247;107;99m▄[0m[48;2;247;107;99m[38;2;247;107;99m▄[0m[48;2;0;0;0m[38;2;247;107;99m▄[0m[48;2;0;0;0m[38;2;247;107;99m▄[0m[48;2;0;0;0m[38;2;247;107;99m▄[0m[38;2;0;0;0m▄[0m[38;2;0;0;0m▄[0m[38;2;0;0;0m▄[0m        
   [48;2;0;0;0m[38;2;0;0;0m▄[0m[48;2;65;65;65m[38;2;189;165;132m▄[0m[48;2;65;65;65m[38;2;65;65;65m▄[0m[48;2;65;65;65m[38;2;222;206;181m▄[0m[48;2;140;58;58m[38;2;65;65;65m▄[0m[48;2;140;58;58m[38;2;65;65;65m▄[0m[48;2;140;58;58m[38;2;65;65;65m▄[0m[48;2;140;58;58m[38;2;140;58;58m▄[0m[48;2;140;58;58m[38;2;140;58;58m▄[0m[48;2;197;82;74m[38;2;140;58;58m▄[0m[48;2;247;107;99m[38;2;140;58;58m▄[0m[48;2;247;107;99m[38;2;140;58;58m▄[0m[48;2;247;107;99m[38;2;197;82;74m▄[0m[48;2;247;107;99m[38;2;247;107;99m▄[0m[48;2;247;107;99m[38;2;247;107;99m▄[0m[48;2;247;107;99m[38;2;247;107;99m▄[0m[48;2;0;0;0m[38;2;247;107;99m▄[0m[48;2;0;0;0m[38;2;247;107;99m▄[0m[48;2;0;0;0m[38;2;247;107;99m▄[0m[38;2;0;0;0m▄[0m[38;2;0;0;0m▄[0m[38;2;0;0;0m▄[0m  
  [48;2;0;0;0m[38;2;0;0;0m▄[0m[48;2;189;82;148m[38;2;189;165;132m▄[0m[48;2;189;165;132m[38;2;189;165;132m▄[0m[48;2;65;65;65m[38;2;189;165;132m▄[0m[48;2;189;165;132m[38;2;65;65;65m▄[0m[48;2;222;206;181m[38;2;222;206;181m▄[0m[48;2;222;206;181m[38;2;222;206;181m▄[0m[48;2;222;206;181m[38;2;222;206;181m▄[0m[48;2;65;65;65m[38;2;222;206;181m▄[0m[48;2;65;65;65m[38;2;222;206;181m▄[0m[48;2;65;65;65m[38;2;222;206;181m▄[0m[48;2;140;58;58m[38;2;65;65;65m▄[0m[48;2;140;58;58m[38;2;65;65;65m▄[0m[48;2;140;58;58m[38;2;65;65;65m▄[0m[48;2;140;58;58m[38;2;140;58;58m▄[0m[48;2;140;58;58m[38;2;140;58;58m▄[0m[48;2;197;82;74m[38;2;140;58;58m▄[0m[48;2;247;107;99m[38;2;140;58;58m▄[0m[48;2;247;107;99m[38;2;140;58;58m▄[0m[48;2;247;107;99m[38;2;197;82;74m▄[0m[48;2;247;107;99m[38;2;247;107;99m▄[0m[48;2;247;107;99m[38;2;247;107;99m▄[0m[48;2;247;107;99m[38;2;140;58;58m▄[0m[48;2;0;0;0m[38;2;140;58;58m▄[0m[38;2;0;0;0m▄[0m
  [38;2;0;0;0m▀[0m[48;2;189;165;132m[38;2;0;0;0m▄[0m[48;2;189;165;132m[38;2;189;165;132m▄[0m[48;2;65;65;65m[38;2;65;65;65m▄[0m[48;2;189;165;132m[38;2;189;165;132m▄[0m[48;2;222;206;181m[38;2;140;123;115m▄[0m[48;2;222;206;181m[38;2;222;206;181m▄[0m[48;2;222;206;181m[38;2;222;206;181m▄[0m[48;2;222;206;181m[38;2;140;123;115m▄[0m[48;2;222;206;181m[38;2;222;206;181m▄[0m[48;2;222;206;181m[38;2;140;123;115m▄[0m[48;2;222;206;181m[38;2;140;123;115m▄[0m[48;2;222;206;181m[38;2;222;206;181m▄[0m[48;2;222;206;181m[38;2;222;206;181m▄[0m[48;2;65;65;65m[38;2;222;206;181m▄[0m[48;2;65;65;65m[38;2;65;65;65m▄[0m[48;2;65;65;65m[38;2;222;206;181m▄[0m[48;2;140;58;58m[38;2;65;65;65m▄[0m[48;2;140;58;58m[38;2;65;65;65m▄[0m[48;2;140;58;58m[38;2;0;0;0m▄[0m[48;2;140;58;58m[38;2;65;65;65m▄[0m[48;2;140;58;58m[38;2;65;65;65m▄[0m[48;2;65;65;65m[38;2;140;58;58m▄[0m[48;2;65;65;65m[38;2;0;0;0m▄[0m[38;2;0;0;0m▀[0m
   [48;2;0;0;0m[38;2;0;0;0m▄[0m[48;2;165;66;107m[38;2;189;82;148m▄[0m[48;2;189;82;148m[38;2;189;82;148m▄[0m[48;2;65;65;65m[38;2;65;65;65m▄[0m[48;2;189;165;132m[38;2;140;58;58m▄[0m[48;2;140;58;58m[38;2;247;107;99m▄[0m[48;2;140;58;58m[38;2;197;82;74m▄[0m[48;2;189;165;132m[38;2;140;58;58m▄[0m[48;2;140;123;115m[38;2;255;255;255m▄[0m[48;2;0;0;0m[38;2;255;255;255m▄[0m[48;2;255;255;255m[38;2;255;255;255m▄[0m[48;2;222;206;181m[38;2;65;65;65m▄[0m[48;2;222;206;181m[38;2;65;65;65m▄[0m[48;2;65;65;65m[38;2;222;206;181m▄[0m[48;2;222;206;181m[38;2;222;206;181m▄[0m[48;2;222;206;181m[38;2;222;206;181m▄[0m[48;2;222;206;181m[38;2;222;115;197m▄[0m[48;2;0;0;0m[38;2;0;0;0m▄[0m [38;2;0;0;0m▀[0m[38;2;0;0;0m▀[0m[38;2;0;0;0m▀[0m  
    [38;2;0;0;0m▀[0m[48;2;189;82;148m[38;2;0;0;0m▄[0m[48;2;189;82;148m[38;2;0;0;0m▄[0m[48;2;65;65;65m[38;2;222;115;197m▄[0m[48;2;197;82;74m[38;2;65;65;65m▄[0m[48;2;197;82;74m[38;2;65;65;65m▄[0m[48;2;65;65;65m[38;2;140;123;115m▄[0m[48;2;189;165;132m[38;2;140;123;115m▄[0m[48;2;189;165;132m[38;2;140;123;115m▄[0m[48;2;65;65;65m[38;2;65;65;65m▄[0m[48;2;65;65;65m[38;2;222;115;197m▄[0m[48;2;222;115;197m[38;2;222;115;197m▄[0m[48;2;222;206;181m[38;2;189;82;148m▄[0m[48;2;222;206;181m[38;2;222;206;181m▄[0m[48;2;222;115;197m[38;2;222;206;181m▄[0m[48;2;222;115;197m[38;2;0;0;0m▄[0m[38;2;0;0;0m▀[0m      
      [38;2;0;0;0m▄[0m[48;2;0;0;0m[38;2;189;82;148m▄[0m[48;2;222;115;197m[38;2;140;123;115m▄[0m[48;2;222;206;181m[38;2;222;206;181m▄[0m[48;2;222;206;181m[38;2;222;115;197m▄[0m[48;2;222;115;197m[38;2;222;115;197m▄[0m[48;2;222;115;197m[38;2;222;206;181m▄[0m[48;2;65;65;65m[38;2;222;206;181m▄[0m[48;2;222;115;197m[38;2;65;65;65m▄[0m[48;2;222;115;197m[38;2;222;115;197m▄[0m[48;2;222;115;197m[38;2;222;115;197m▄[0m[48;2;189;82;148m[38;2;222;115;197m▄[0m[48;2;189;82;148m[38;2;0;0;0m▄[0m[38;2;0;0;0m▀[0m       
     [48;2;0;0;0m[38;2;0;0;0m▄[0m[48;2;189;165;132m[38;2;189;165;132m▄[0m[48;2;189;82;148m[38;2;189;165;132m▄[0m[48;2;189;165;132m[38;2;189;165;132m▄[0m[48;2;140;123;115m[38;2;140;123;115m▄[0m[48;2;222;206;181m[38;2;189;165;132m▄[0m[48;2;222;206;181m[38;2;189;165;132m▄[0m[48;2;222;206;181m[38;2;140;123;115m▄[0m[48;2;140;123;115m[38;2;222;115;197m▄[0m[48;2;140;123;115m[38;2;189;82;148m▄[0m[48;2;65;65;65m[38;2;0;0;0m▄[0m[38;2;0;0;0m▀[0m[38;2;0;0;0m▀[0m         
      [38;2;0;0;0m▀[0m[48;2;189;165;132m[38;2;0;0;0m▄[0m[48;2;189;165;132m[38;2;0;0;0m▄[0m[48;2;189;165;132m[38;2;0;0;0m▄[0m[48;2;189;165;132m[38;2;0;0;0m▄[0m[48;2;189;165;132m[38;2;222;206;181m▄[0m[48;2;189;82;148m[38;2;222;206;181m▄[0m[48;2;189;82;148m[38;2;189;165;132m▄[0m[48;2;189;165;132m[38;2;140;123;115m▄[0m[48;2;189;165;132m[38;2;140;123;115m▄[0m[48;2;0;0;0m[38;2;0;0;0m▄[0m          
           [38;2;0;0;0m▀[0m[38;2;0;0;0m▀[0m[48;2;140;123;115m[38;2;0;0;0m▄[0m[48;2;189;165;132m[38;2;0;0;0m▄[0m[48;2;65;65;65m[38;2;0;0;0m▄[0m[38;2;0;0;0m▀[0m          