   [38;2;0;0;0m▄[0m[38;2;0;0;0m▄[0m  [38;2;0;0;0m▄[0m[38;2;0;0;0m▄[0m[48;2;0;0;0m[38;2;65;65;65m▄[0m[48;2;0;0;0m[38;2;140;197;74m▄[0m[48;2;0;0;0m[38;2;0;0;0m▄[0m     
  [48;2;0;0;0m[38;2;0;0;0m▄[0m[48;2;90;148;58m[38;2;90;148;58m▄[0m[48;2;0;0;0m[38;2;0;0;0m▄[0m [48;2;0;0;0m[38;2;0;0;0m▄[0m[48;2;140;197;74m[38;2;140;197;74m▄[0m[48;2;65;65;65m[38;2;74;107;58m▄[0m[48;2;140;197;74m[38;2;140;197;74m▄[0m[48;2;90;148;58m[38;2;74;107;58m▄[0m[48;2;65;65;65m[38;2;140;197;74m▄[0m[48;2;0;0;0m[38;2;0;0;0m▄[0m    
  [38;2;0;0;0m▀[0m[48;2;90;148;58m[38;2;0;0;0m▄[0m[48;2;65;65;65m[38;2;140;197;74m▄[0m[48;2;0;0;0m[38;2;140;197;74m▄[0m[48;2;140;197;74m[38;2;140;197;74m▄[0m[48;2;90;148;58m[38;2;140;197;74m▄[0m[48;2;74;107;58m[38;2;140;197;74m▄[0m[48;2;74;107;58m[38;2;90;148;58m▄[0m[48;2;140;197;74m[38;2;90;148;58m▄[0m[48;2;0;0;0m[38;2;0;0;0m▄[0m[38;2;0;0;0m▄[0m[48;2;0;0;0m[38;2;140;197;74m▄[0m[48;2;0;0;0m[38;2;140;197;74m▄[0m[48;2;0;0;0m[38;2;0;0;0m▄[0m 
  [48;2;0;0;0m[38;2;0;0;0m▄[0m[48;2;140;197;74m[38;2;140;197;74m▄[0m[48;2;140;197;74m[38;2;74;107;58m▄[0m[48;2;140;197;74m[38;2;74;107;58m▄[0m[48;2;140;197;74m[38;2;74;107;58m▄[0m[48;2;140;197;74m[38;2;140;197;74m▄[0m[48;2;140;197;74m[38;2;140;197;74m▄[0m[48;2;140;197;74m[38;2;140;197;74m▄[0m[48;2;74;107;58m[38;2;140;197;74m▄[0m[48;2;140;197;74m[38;2;140;197;74m▄[0m[48;2;140;197;74m[38;2;74;107;58m▄[0m[48;2;140;197;74m[38;2;0;0;0m▄[0m[38;2;0;0;0m▀[0m  
 [48;2;0;0;0m[38;2;0;0;0m▄[0m[48;2;90;148;58m[38;2;74;107;58m▄[0m[48;2;74;107;58m[38;2;255;255;255m▄[0m[48;2;140;99;66m[38;2;140;99;66m▄[0m[48;2;140;99;66m[38;2;140;99;66m▄[0m[48;2;140;99;66m[38;2;222;156;99m▄[0m[48;2;74;107;58m[38;2;222;156;99m▄[0m[48;2;74;107;58m[38;2;222;156;99m▄[0m[48;2;140;197;74m[38;2;74;107;58m▄[0m[48;2;90;148;58m[38;2;140;197;74m▄[0m[48;2;74;107;58m[38;2;140;197;74m▄[0m[48;2;0;0;0m[38;2;140;197;74m▄[0m[38;2;0;0;0m▄[0m   
[38;2;0;0;0m▄[0m[48;2;0;0;0m[38;2;90;148;58m▄[0m[48;2;74;107;58m[38;2;0;0;0m▄[0m[48;2;0;0;0m[38;2;222;156;99m▄[0m[48;2;222;156;99m[38;2;230;99;49m▄[0m[48;2;222;156;99m[38;2;230;99;49m▄[0m[48;2;222;156;99m[38;2;222;156;99m▄[0m[48;2;255;255;255m[38;2;0;0;0m▄[0m[48;2;222;156;99m[38;2;222;156;99m▄[0m[48;2;222;156;99m[38;2;140;99;66m▄[0m[48;2;90;148;58m[38;2;74;107;58m▄[0m[48;2;140;197;74m[38;2;140;197;74m▄[0m[48;2;140;197;74m[38;2;90;148;58m▄[0m[48;2;0;0;0m[38;2;0;0;0m▄[0m   
[38;2;0;0;0m▀[0m[38;2;0;0;0m▀[0m [38;2;0;0;0m▀[0m[48;2;222;156;99m[38;2;0;0;0m▄[0m[48;2;222;156;99m[38;2;0;0;0m▄[0m[48;2;222;156;99m[38;2;222;156;99m▄[0m[48;2;222;156;99m[38;2;222;156;99m▄[0m[48;2;140;99;66m[38;2;222;156;99m▄[0m[48;2;140;99;66m[38;2;74;107;58m▄[0m[48;2;74;107;58m[38;2;90;148;58m▄[0m[48;2;65;65;65m[38;2;0;0;0m▄[0m[48;2;0;0;0m[38;2;140;197;74m▄[0m[38;2;0;0;0m▄[0m   
  [38;2;0;0;0m▄[0m[48;2;0;0;0m[38;2;115;82;58m▄[0m[48;2;65;65;65m[38;2;115;82;58m▄[0m[48;2;115;82;58m[38;2;65;65;65m▄[0m[48;2;65;65;65m[38;2;222;156;99m▄[0m[48;2;189;123;74m[38;2;222;156;99m▄[0m[48;2;74;107;58m[38;2;65;65;65m▄[0m[48;2;65;65;65m[38;2;140;99;66m▄[0m[48;2;0;0;0m[38;2;65;65;65m▄[0m[38;2;0;0;0m▄[0m[38;2;0;0;0m▀[0m[38;2;0;0;0m▀[0m[38;2;0;0;0m▄[0m[38;2;0;0;0m▄[0m[38;2;0;0;0m▄[0m
  [38;2;0;0;0m▀[0m[48;2;115;82;58m[38;2;0;0;0m▄[0m[48;2;65;65;65m[38;2;65;65;65m▄[0m[48;2;222;156;99m[38;2;222;156;99m▄[0m[48;2;222;156;99m[38;2;222;156;99m▄[0m[48;2;222;156;99m[38;2;222;156;99m▄[0m[48;2;65;65;65m[38;2;222;156;99m▄[0m[48;2;140;99;66m[38;2;65;65;65m▄[0m[48;2;140;99;66m[38;2;140;99;66m▄[0m[48;2;115;82;58m[38;2;140;99;66m▄[0m[48;2;0;0;0m[38;2;65;65;65m▄[0m[48;2;0;0;0m[38;2;140;197;74m▄[0m[48;2;230;99;49m[38;2;90;148;58m▄[0m[48;2;230;99;49m[38;2;0;0;0m▄[0m[38;2;0;0;0m▀[0m
  [38;2;0;0;0m▀[0m[48;2;181;181;181m[38;2;0;0;0m▄[0m[48;2;189;123;74m[38;2;0;0;0m▄[0m[48;2;65;65;65m[38;2;0;0;0m▄[0m[48;2;222;156;99m[38;2;0;0;0m▄[0m[48;2;222;156;99m[38;2;65;65;65m▄[0m[48;2;140;99;66m[38;2;189;123;74m▄[0m[48;2;65;65;65m[38;2;222;156;99m▄[0m[48;2;140;99;66m[38;2;65;65;65m▄[0m[48;2;115;82;58m[38;2;65;65;65m▄[0m[48;2;65;65;65m[38;2;0;0;0m▄[0m[38;2;0;0;0m▀[0m[38;2;0;0;0m▀[0m  
       [38;2;0;0;0m▀[0m[48;2;255;255;255m[38;2;0;0;0m▄[0m[48;2;181;181;181m[38;2;0;0;0m▄[0m[48;2;255;255;255m[38;2;0;0;0m▄[0m[38;2;0;0;0m▀[0m     