   [38;2;0;0;0m▄[0m[48;2;0;0;0m[38;2;156;140;230m▄[0m[48;2;0;0;0m[38;2;214;197;247m▄[0m[38;2;0;0;0m▄[0m  [38;2;0;0;0m▄[0m[38;2;0;0;0m▄[0m    
   [48;2;0;0;0m[38;2;0;0;0m▄[0m[48;2;214;197;247m[38;2;214;197;247m▄[0m[48;2;214;197;247m[38;2;0;0;0m▄[0m[38;2;0;0;0m▀[0m [48;2;0;0;0m[38;2;0;0;0m▄[0m[48;2;156;140;230m[38;2;214;197;247m▄[0m[48;2;214;197;247m[38;2;214;197;247m▄[0m[48;2;0;0;0m[38;2;0;0;0m▄[0m   
  [38;2;0;0;0m▄[0m[48;2;0;0;0m[38;2;65;65;65m▄[0m[48;2;156;140;230m[38;2;0;0;0m▄[0m[38;2;0;0;0m▀[0m [48;2;0;0;0m[38;2;0;0;0m▄[0m[48;2;214;197;247m[38;2;156;140;230m▄[0m[48;2;0;0;0m[38;2;0;0;0m▄[0m[38;2;0;0;0m▀[0m    
 [38;2;0;0;0m▄[0m[48;2;0;0;0m[38;2;214;197;247m▄[0m[48;2;214;197;247m[38;2;156;140;230m▄[0m[48;2;140;132;140m[38;2;214;197;247m▄[0m[48;2;0;0;0m[38;2;65;65;65m▄[0m[48;2;0;0;0m[38;2;214;197;247m▄[0m[48;2;156;140;230m[38;2;65;65;65m▄[0m[48;2;0;0;0m[38;2;0;0;0m▄[0m      
[48;2;0;0;0m[38;2;0;0;0m▄[0m[48;2;33;148;41m[38;2;33;148;41m▄[0m[48;2;214;197;247m[38;2;214;197;247m▄[0m[48;2;214;197;247m[38;2;214;197;247m▄[0m[48;2;214;197;247m[38;2;33;148;41m▄[0m[48;2;214;197;247m[38;2;214;197;247m▄[0m[48;2;156;140;230m[38;2;214;197;247m▄[0m[48;2;214;197;247m[38;2;214;197;247m▄[0m[48;2;0;0;0m[38;2;214;197;247m▄[0m[38;2;0;0;0m▄[0m     
[48;2;0;0;0m[38;2;0;0;0m▄[0m[48;2;214;197;247m[38;2;156;140;230m▄[0m[48;2;214;197;247m[38;2;214;197;247m▄[0m[48;2;214;197;247m[38;2;214;197;247m▄[0m[48;2;33;148;41m[38;2;214;197;247m▄[0m[48;2;214;197;247m[38;2;156;140;230m▄[0m[48;2;156;140;230m[38;2;156;140;230m▄[0m[48;2;214;197;247m[38;2;140;247;74m▄[0m[48;2;214;197;247m[38;2;214;197;247m▄[0m[48;2;0;0;0m[38;2;0;0;0m▄[0m     
 [38;2;0;0;0m▀[0m[48;2;156;140;230m[38;2;0;0;0m▄[0m[48;2;148;82;181m[38;2;206;107;123m▄[0m[48;2;148;82;181m[38;2;206;107;123m▄[0m[48;2;214;197;247m[38;2;214;197;247m▄[0m[48;2;214;197;247m[38;2;214;197;247m▄[0m[48;2;140;247;74m[38;2;214;197;247m▄[0m[48;2;0;0;0m[38;2;0;0;0m▄[0m      
  [38;2;0;0;0m▄[0m[48;2;0;0;0m[38;2;214;197;247m▄[0m[48;2;214;197;247m[38;2;214;197;247m▄[0m[48;2;214;197;247m[38;2;214;197;247m▄[0m[48;2;140;247;74m[38;2;214;197;247m▄[0m[48;2;0;0;0m[38;2;65;65;65m▄[0m[38;2;0;0;0m▄[0m[48;2;0;0;0m[38;2;214;197;247m▄[0m[48;2;0;0;0m[38;2;214;197;247m▄[0m[38;2;0;0;0m▄[0m   
 [48;2;0;0;0m[38;2;0;0;0m▄[0m[48;2;189;132;222m[38;2;0;0;0m▄[0m[48;2;148;82;181m[38;2;189;132;222m▄[0m[48;2;189;132;222m[38;2;148;82;181m▄[0m[48;2;148;82;181m[38;2;189;132;222m▄[0m[48;2;214;197;247m[38;2;115;66;140m▄[0m[48;2;156;140;230m[38;2;156;140;230m▄[0m[48;2;214;197;247m[38;2;214;197;247m▄[0m[48;2;156;140;230m[38;2;214;197;247m▄[0m[48;2;156;140;230m[38;2;156;140;230m▄[0m[48;2;214;197;247m[38;2;214;197;247m▄[0m[48;2;0;0;0m[38;2;65;65;65m▄[0m[38;2;0;0;0m▄[0m 
 [38;2;0;0;0m▄[0m[48;2;0;0;0m[38;2;189;132;222m▄[0m[48;2;189;132;222m[38;2;189;132;222m▄[0m[48;2;148;82;181m[38;2;189;132;222m▄[0m[48;2;115;66;140m[38;2;189;132;222m▄[0m[48;2;189;132;222m[38;2;189;132;222m▄[0m[48;2;214;197;247m[38;2;189;132;222m▄[0m[48;2;156;140;230m[38;2;214;197;247m▄[0m[48;2;156;140;230m[38;2;214;197;247m▄[0m[48;2;214;197;247m[38;2;214;197;247m▄[0m[48;2;214;197;247m[38;2;189;132;222m▄[0m[48;2;189;132;222m[38;2;148;82;181m▄[0m[48;2;189;132;222m[38;2;0;0;0m▄[0m[38;2;0;0;0m▀[0m
  [38;2;0;0;0m▀[0m[38;2;0;0;0m▀[0m[48;2;148;82;181m[38;2;0;0;0m▄[0m[48;2;189;132;222m[38;2;0;0;0m▄[0m[48;2;189;132;222m[38;2;0;0;0m▄[0m[48;2;189;132;222m[38;2;0;0;0m▄[0m[48;2;189;132;222m[38;2;0;0;0m▄[0m[48;2;148;82;181m[38;2;0;0;0m▄[0m[38;2;0;0;0m▀[0m[38;2;0;0;0m▀[0m[38;2;0;0;0m▀[0m  