          [38;2;0;0;0m▄[0m[38;2;0;0;0m▄[0m[48;2;0;0;0m[38;2;247;99;99m▄[0m[48;2;0;0;0m[38;2;189;82;82m▄[0m[48;2;0;0;0m[38;2;65;65;65m▄[0m[38;2;0;0;0m▄[0m[38;2;0;0;0m▄[0m       
        [38;2;0;0;0m▄[0m[48;2;0;0;0m[38;2;247;99;99m▄[0m[48;2;247;189;181m[38;2;247;99;99m▄[0m[48;2;189;82;82m[38;2;90;140;206m▄[0m[48;2;90;140;206m[38;2;115;189;247m▄[0m[48;2;90;140;206m[38;2;115;189;247m▄[0m[48;2;115;189;247m[38;2;115;189;247m▄[0m[48;2;115;189;247m[38;2;65;65;65m▄[0m[48;2;65;65;65m[38;2;189;82;82m▄[0m[48;2;0;0;0m[38;2;189;82;82m▄[0m[48;2;0;0;0m[38;2;189;82;82m▄[0m[38;2;0;0;0m▄[0m    
        [38;2;0;0;0m▀[0m[48;2;247;99;99m[38;2;0;0;0m▄[0m[48;2;65;65;65m[38;2;90;140;206m▄[0m[48;2;115;189;247m[38;2;90;140;206m▄[0m[48;2;115;189;247m[38;2;115;189;247m▄[0m[48;2;115;189;247m[38;2;115;189;247m▄[0m[48;2;65;65;65m[38;2;65;65;65m▄[0m[48;2;189;82;82m[38;2;189;82;82m▄[0m[48;2;247;189;181m[38;2;255;255;255m▄[0m[48;2;255;255;255m[38;2;247;189;181m▄[0m[48;2;189;82;82m[38;2;189;82;82m▄[0m[48;2;0;0;0m[38;2;189;82;82m▄[0m[38;2;0;0;0m▄[0m   
        [38;2;0;0;0m▄[0m[48;2;0;0;0m[38;2;65;65;65m▄[0m[48;2;247;99;99m[38;2;189;82;82m▄[0m[48;2;247;189;181m[38;2;247;99;99m▄[0m[48;2;90;140;206m[38;2;90;140;206m▄[0m[48;2;115;189;247m[38;2;115;189;247m▄[0m[48;2;90;140;206m[38;2;115;189;247m▄[0m[48;2;189;82;82m[38;2;65;65;65m▄[0m[48;2;189;82;82m[38;2;189;82;82m▄[0m[48;2;189;82;82m[38;2;189;82;82m▄[0m[48;2;189;82;82m[38;2;247;99;99m▄[0m[48;2;247;99;99m[38;2;247;99;99m▄[0m[48;2;0;0;0m[38;2;0;0;0m▄[0m   
      [38;2;0;0;0m▄[0m[48;2;0;0;0m[38;2;90;140;206m▄[0m[48;2;90;140;206m[38;2;90;140;206m▄[0m[48;2;90;140;206m[38;2;90;140;206m▄[0m[48;2;65;65;65m[38;2;65;65;65m▄[0m[48;2;90;140;206m[38;2;115;189;247m▄[0m[48;2;115;189;247m[38;2;115;189;247m▄[0m[48;2;115;189;247m[38;2;115;189;247m▄[0m[48;2;90;140;206m[38;2;115;189;247m▄[0m[48;2;115;189;247m[38;2;90;140;206m▄[0m[48;2;65;65;65m[38;2;90;140;206m▄[0m[48;2;247;99;99m[38;2;65;65;65m▄[0m[48;2;247;99;99m[38;2;65;65;65m▄[0m[48;2;0;0;0m[38;2;0;0;0m▄[0m[38;2;0;0;0m▄[0m   
      [38;2;0;0;0m▀[0m[48;2;90;140;206m[38;2;0;0;0m▄[0m[48;2;90;140;206m[38;2;65;65;65m▄[0m[48;2;65;65;65m[38;2;65;65;65m▄[0m[48;2;115;189;247m[38;2;65;65;65m▄[0m[48;2;115;189;247m[38;2;115;189;247m▄[0m[48;2;90;140;206m[38;2;66;107;173m▄[0m[48;2;115;189;247m[38;2;66;107;173m▄[0m[48;2;66;107;173m[38;2;0;0;0m▄[0m[48;2;66;107;173m[38;2;255;255;255m▄[0m[48;2;66;107;173m[38;2;90;140;206m▄[0m[48;2;90;140;206m[38;2;65;65;65m▄[0m[48;2;65;65;65m[38;2;90;140;206m▄[0m[48;2;90;140;206m[38;2;90;140;206m▄[0m[48;2;90;140;206m[38;2;90;140;206m▄[0m[48;2;0;0;0m[38;2;90;140;206m▄[0m[38;2;0;0;0m▄[0m 
[38;2;0;0;0m▄[0m[48;2;0;0;0m[38;2;140;123;90m▄[0m[48;2;0;0;0m[38;2;189;165;123m▄[0m[48;2;0;0;0m[38;2;189;165;123m▄[0m[38;2;0;0;0m▄[0m   [38;2;0;0;0m▀[0m[48;2;0;0;0m[38;2;0;0;0m▄[0m[48;2;90;140;206m[38;2;65;65;65m▄[0m[48;2;66;107;173m[38;2;66;107;173m▄[0m[48;2;115;189;247m[38;2;115;189;247m▄[0m[48;2;255;255;255m[38;2;115;189;247m▄[0m[48;2;255;255;255m[38;2;65;65;65m▄[0m[48;2;115;189;247m[38;2;65;65;65m▄[0m[48;2;115;189;247m[38;2;65;65;65m▄[0m[48;2;90;140;206m[38;2;90;140;206m▄[0m[48;2;90;140;206m[38;2;90;140;206m▄[0m[48;2;90;140;206m[38;2;90;140;206m▄[0m[48;2;90;140;206m[38;2;90;140;206m▄[0m[48;2;90;140;206m[38;2;0;0;0m▄[0m[38;2;0;0;0m▀[0m 
 [38;2;0;0;0m▀[0m[48;2;140;123;90m[38;2;0;0;0m▄[0m[48;2;140;123;90m[38;2;0;0;0m▄[0m[48;2;140;123;90m[38;2;0;0;0m▄[0m[48;2;0;0;0m[38;2;140;123;90m▄[0m[48;2;0;0;0m[38;2;140;123;90m▄[0m[48;2;0;0;0m[38;2;140;123;90m▄[0m[48;2;0;0;0m[38;2;140;123;90m▄[0m[48;2;140;123;90m[38;2;0;0;0m▄[0m[48;2;140;123;90m[38;2;0;0;0m▄[0m[48;2;0;0;0m[38;2;65;65;65m▄[0m[48;2;115;189;247m[38;2;0;0;0m▄[0m[38;2;0;0;0m▀[0m[48;2;0;0;0m[38;2;0;0;0m▄[0m[48;2;140;123;90m[38;2;140;123;90m▄[0m[48;2;65;65;65m[38;2;0;0;0m▄[0m[48;2;0;0;0m[38;2;65;65;65m▄[0m[48;2;90;140;206m[38;2;0;0;0m▄[0m[48;2;90;140;206m[38;2;0;0;0m▄[0m[38;2;0;0;0m▀[0m   
     [38;2;0;0;0m▀[0m[38;2;0;0;0m▀[0m[38;2;0;0;0m▀[0m[38;2;0;0;0m▀[0m     [38;2;0;0;0m▀[0m[48;2;65;65;65m[38;2;0;0;0m▄[0m[48;2;140;123;90m[38;2;140;123;90m▄[0m[48;2;0;0;0m[38;2;140;123;90m▄[0m[38;2;0;0;0m▄[0m     
                [38;2;0;0;0m▀[0m[48;2;140;123;90m[38;2;0;0;0m▄[0m[48;2;189;165;123m[38;2;0;0;0m▄[0m[48;2;0;0;0m[38;2;189;165;123m▄[0m[48;2;0;0;0m[38;2;189;165;123m▄[0m[48;2;0;0;0m[38;2;189;165;123m▄[0m[48;2;0;0;0m[38;2;65;65;65m▄[0m[38;2;0;0;0m▄[0m
                   [38;2;0;0;0m▀[0m[48;2;189;165;123m[38;2;0;0;0m▄[0m[48;2;189;165;123m[38;2;0;0;0m▄[0m[48;2;189;165;123m[38;2;0;0;0m▄[0m[38;2;0;0;0m▀[0m