   [38;2;0;0;0m▄[0m[48;2;0;0;0m[38;2;164;222;115m▄[0m[48;2;0;0;0m[38;2;164;222;115m▄[0m[38;2;0;0;0m▄[0m          
 [38;2;0;0;0m▄[0m[48;2;0;0;0m[38;2;164;222;115m▄[0m[48;2;164;222;115m[38;2;164;222;115m▄[0m[48;2;164;222;115m[38;2;65;65;65m▄[0m[48;2;164;222;115m[38;2;106;172;74m▄[0m[48;2;106;172;74m[38;2;164;222;115m▄[0m[48;2;0;0;0m[38;2;0;0;0m▄[0m[38;2;0;0;0m▄[0m[48;2;0;0;0m[38;2;164;222;115m▄[0m[48;2;0;0;0m[38;2;164;222;115m▄[0m[48;2;0;0;0m[38;2;164;222;115m▄[0m[38;2;0;0;0m▄[0m[38;2;0;0;0m▄[0m   
[38;2;0;0;0m▄[0m[48;2;0;0;0m[38;2;164;222;115m▄[0m[48;2;164;222;115m[38;2;164;222;115m▄[0m[48;2;106;172;74m[38;2;65;65;65m▄[0m[48;2;65;65;65m[38;2;197;197;197m▄[0m[48;2;65;65;65m[38;2;65;65;65m▄[0m[48;2;106;172;74m[38;2;65;65;65m▄[0m[48;2;65;65;65m[38;2;65;65;65m▄[0m[48;2;164;222;115m[38;2;65;65;65m▄[0m[48;2;65;65;65m[38;2;255;255;255m▄[0m[48;2;65;65;65m[38;2;255;255;255m▄[0m[48;2;164;222;115m[38;2;65;65;65m▄[0m[48;2;164;222;115m[38;2;164;222;115m▄[0m[48;2;65;65;65m[38;2;65;65;65m▄[0m[48;2;0;0;0m[38;2;0;0;0m▄[0m  
[48;2;0;0;0m[38;2;0;0;0m▄[0m[48;2;164;222;115m[38;2;164;222;115m▄[0m[48;2;65;65;65m[38;2;65;65;65m▄[0m[48;2;197;197;197m[38;2;65;65;65m▄[0m[48;2;65;65;65m[38;2;255;255;255m▄[0m[48;2;255;255;255m[38;2;255;255;255m▄[0m[48;2;255;255;255m[38;2;255;255;255m▄[0m[48;2;65;65;65m[38;2;139;139;139m▄[0m[48;2;255;255;255m[38;2;0;0;0m▄[0m[48;2;255;255;255m[38;2;0;0;0m▄[0m[48;2;255;255;255m[38;2;139;139;139m▄[0m[48;2;65;65;65m[38;2;65;65;65m▄[0m[48;2;164;222;115m[38;2;164;222;115m▄[0m[48;2;65;65;65m[38;2;65;65;65m▄[0m[48;2;131;90;57m[38;2;131;90;57m▄[0m[48;2;0;0;0m[38;2;0;0;0m▄[0m 
 [38;2;0;0;0m▀[0m[48;2;0;0;0m[38;2;0;0;0m▄[0m[48;2;65;65;65m[38;2;65;65;65m▄[0m[48;2;197;115;65m[38;2;246;148;65m▄[0m[48;2;197;115;65m[38;2;246;148;65m▄[0m[48;2;197;115;65m[38;2;65;65;65m▄[0m[48;2;65;65;65m[38;2;255;255;255m▄[0m[48;2;255;255;255m[38;2;255;255;255m▄[0m[48;2;255;255;255m[38;2;255;255;255m▄[0m[48;2;255;255;255m[38;2;255;255;255m▄[0m[48;2;222;172;139m[38;2;131;90;57m▄[0m[48;2;65;65;65m[38;2;131;90;57m▄[0m[48;2;131;90;57m[38;2;65;65;65m▄[0m[48;2;131;90;57m[38;2;65;65;65m▄[0m[48;2;131;90;57m[38;2;131;90;57m▄[0m[48;2;0;0;0m[38;2;0;0;0m▄[0m
  [48;2;0;0;0m[38;2;0;0;0m▄[0m[48;2;131;90;57m[38;2;106;172;74m▄[0m[48;2;65;65;65m[38;2;106;172;74m▄[0m[48;2;65;65;65m[38;2;255;255;255m▄[0m[48;2;255;255;255m[38;2;255;255;255m▄[0m[48;2;255;255;255m[38;2;222;172;139m▄[0m[48;2;255;255;255m[38;2;131;90;57m▄[0m[48;2;255;255;255m[38;2;131;90;57m▄[0m[48;2;131;90;57m[38;2;131;90;57m▄[0m[48;2;131;90;57m[38;2;65;65;65m▄[0m[48;2;65;65;65m[38;2;255;255;255m▄[0m[48;2;255;255;255m[38;2;255;255;255m▄[0m[48;2;255;255;255m[38;2;255;255;255m▄[0m[48;2;65;65;65m[38;2;255;255;255m▄[0m[48;2;0;0;0m[38;2;0;0;0m▄[0m
 [38;2;0;0;0m▀[0m[48;2;106;172;74m[38;2;0;0;0m▄[0m[48;2;164;222;115m[38;2;106;172;74m▄[0m[48;2;164;222;115m[38;2;106;172;74m▄[0m[48;2;106;172;74m[38;2;106;172;74m▄[0m[48;2;106;172;74m[38;2;164;222;115m▄[0m[48;2;106;172;74m[38;2;164;222;115m▄[0m[48;2;131;90;57m[38;2;106;172;74m▄[0m[48;2;131;90;57m[38;2;131;90;57m▄[0m[48;2;131;90;57m[38;2;131;90;57m▄[0m[48;2;65;65;65m[38;2;65;65;65m▄[0m[48;2;255;255;255m[38;2;255;255;255m▄[0m[48;2;255;255;255m[38;2;255;255;255m▄[0m[48;2;255;255;255m[38;2;222;172;139m▄[0m[48;2;255;255;255m[38;2;255;255;255m▄[0m[48;2;0;0;0m[38;2;0;0;0m▄[0m
   [48;2;0;0;0m[38;2;0;0;0m▄[0m[48;2;131;90;57m[38;2;90;65;49m▄[0m[48;2;131;90;57m[38;2;131;90;57m▄[0m[48;2;106;172;74m[38;2;90;65;49m▄[0m[48;2;106;172;74m[38;2;131;90;57m▄[0m[48;2;106;172;74m[38;2;90;65;49m▄[0m[48;2;131;90;57m[38;2;90;65;49m▄[0m[48;2;90;65;49m[38;2;197;197;197m▄[0m[48;2;65;65;65m[38;2;65;65;65m▄[0m[48;2;255;255;255m[38;2;197;197;197m▄[0m[48;2;255;255;255m[38;2;255;255;255m▄[0m[48;2;222;172;139m[38;2;255;255;255m▄[0m[48;2;197;197;197m[38;2;0;0;0m▄[0m[38;2;0;0;0m▀[0m
    [38;2;0;0;0m▀[0m[48;2;90;65;49m[38;2;0;0;0m▄[0m[48;2;90;65;49m[38;2;65;65;65m▄[0m[48;2;90;65;49m[38;2;65;65;65m▄[0m[48;2;197;197;197m[38;2;65;65;65m▄[0m[48;2;197;197;197m[38;2;197;197;197m▄[0m[48;2;197;197;197m[38;2;197;197;197m▄[0m[48;2;197;197;197m[38;2;197;197;197m▄[0m[48;2;65;65;65m[38;2;65;65;65m▄[0m[48;2;255;255;255m[38;2;197;197;197m▄[0m[48;2;197;197;197m[38;2;0;0;0m▄[0m[38;2;0;0;0m▀[0m 
    [38;2;0;0;0m▀[0m[48;2;197;115;65m[38;2;0;0;0m▄[0m[48;2;197;115;65m[38;2;0;0;0m▄[0m[48;2;197;115;65m[38;2;0;0;0m▄[0m[38;2;0;0;0m▀[0m[48;2;65;65;65m[38;2;0;0;0m▄[0m[48;2;197;197;197m[38;2;197;115;65m▄[0m[48;2;197;197;197m[38;2;197;115;65m▄[0m[48;2;197;197;197m[38;2;0;0;0m▄[0m[38;2;0;0;0m▀[0m   
        [38;2;0;0;0m▀[0m[48;2;246;148;65m[38;2;0;0;0m▄[0m[48;2;65;65;65m[38;2;0;0;0m▄[0m[48;2;246;148;65m[38;2;0;0;0m▄[0m[38;2;0;0;0m▀[0m    