   [38;2;0;0;0m▄[0m[48;2;0;0;0m[38;2;238;230;164m▄[0m[38;2;0;0;0m▄[0m              
   [48;2;0;0;0m[38;2;0;0;0m▄[0m[48;2;238;230;164m[38;2;238;230;164m▄[0m[48;2;0;0;0m[38;2;238;230;164m▄[0m[38;2;0;0;0m▄[0m             
   [48;2;0;0;0m[38;2;0;0;0m▄[0m[48;2;197;189;123m[38;2;197;189;123m▄[0m[48;2;238;230;164m[38;2;238;230;164m▄[0m[48;2;0;0;0m[38;2;238;230;164m▄[0m[38;2;0;0;0m▄[0m[38;2;0;0;0m▄[0m           
    [48;2;0;0;0m[38;2;0;0;0m▄[0m[48;2;197;189;123m[38;2;238;230;164m▄[0m[48;2;238;230;164m[38;2;197;189;123m▄[0m[48;2;238;230;164m[38;2;238;230;164m▄[0m[48;2;65;65;65m[38;2;197;189;123m▄[0m[48;2;0;0;0m[38;2;65;65;65m▄[0m[38;2;0;0;0m▄[0m         
    [38;2;0;0;0m▄[0m[48;2;0;0;0m[38;2;65;65;65m▄[0m[48;2;74;148;180m[38;2;65;65;65m▄[0m[48;2;65;65;65m[38;2;65;65;65m▄[0m[48;2;0;0;0m[38;2;255;255;255m▄[0m[48;2;255;255;255m[38;2;255;255;255m▄[0m[48;2;139;106;189m[38;2;139;106;189m▄[0m[48;2;0;0;0m[38;2;139;106;189m▄[0m[38;2;0;0;0m▄[0m       
  [38;2;0;0;0m▄[0m[48;2;0;0;0m[38;2;74;189;230m▄[0m[48;2;74;189;230m[38;2;164;230;255m▄[0m[48;2;74;189;230m[38;2;74;189;230m▄[0m[48;2;74;189;230m[38;2;65;65;65m▄[0m[48;2;65;65;65m[38;2;65;65;65m▄[0m[48;2;65;65;65m[38;2;74;189;230m▄[0m[48;2;65;65;65m[38;2;74;189;230m▄[0m[48;2;139;106;189m[38;2;65;65;65m▄[0m[48;2;106;82;156m[38;2;139;106;189m▄[0m[48;2;65;65;65m[38;2;139;106;189m▄[0m[48;2;0;0;0m[38;2;139;106;189m▄[0m[48;2;0;0;0m[38;2;65;65;65m▄[0m[38;2;0;0;0m▄[0m    
  [48;2;0;0;0m[38;2;0;0;0m▄[0m[48;2;74;189;230m[38;2;74;148;180m▄[0m[48;2;74;189;230m[38;2;74;189;230m▄[0m[48;2;74;189;230m[38;2;74;189;230m▄[0m[48;2;65;65;65m[38;2;65;65;65m▄[0m[48;2;74;189;230m[38;2;74;189;230m▄[0m[48;2;164;230;255m[38;2;74;189;230m▄[0m[48;2;74;189;230m[38;2;74;189;230m▄[0m[48;2;74;189;230m[38;2;74;189;230m▄[0m[48;2;65;65;65m[38;2;65;65;65m▄[0m[48;2;139;106;189m[38;2;65;65;65m▄[0m[48;2;139;106;189m[38;2;139;106;189m▄[0m[48;2;139;106;189m[38;2;139;106;189m▄[0m[48;2;0;0;0m[38;2;0;0;0m▄[0m[38;2;0;0;0m▄[0m[38;2;0;0;0m▄[0m  
 [48;2;0;0;0m[38;2;0;0;0m▄[0m[48;2;197;189;123m[38;2;106;82;156m▄[0m[48;2;65;65;65m[38;2;65;65;65m▄[0m[48;2;74;148;180m[38;2;65;65;65m▄[0m[48;2;74;148;180m[38;2;65;65;65m▄[0m[48;2;65;65;65m[38;2;65;65;65m▄[0m[48;2;74;148;180m[38;2;65;65;65m▄[0m[48;2;74;189;230m[38;2;74;148;180m▄[0m[48;2;74;189;230m[38;2;74;148;180m▄[0m[48;2;74;148;180m[38;2;65;65;65m▄[0m[48;2;65;65;65m[38;2;197;189;123m▄[0m[48;2;197;189;123m[38;2;65;65;65m▄[0m[48;2;65;65;65m[38;2;65;65;65m▄[0m[48;2;106;82;156m[38;2;65;65;65m▄[0m[48;2;65;65;65m[38;2;106;82;156m▄[0m[48;2;197;189;123m[38;2;65;65;65m▄[0m[48;2;65;65;65m[38;2;106;82;156m▄[0m[48;2;0;0;0m[38;2;74;148;180m▄[0m[38;2;0;0;0m▄[0m
[48;2;0;0;0m[38;2;0;0;0m▄[0m[48;2;74;148;180m[38;2;74;148;180m▄[0m[48;2;106;82;156m[38;2;0;0;0m▄[0m[38;2;0;0;0m▀[0m[48;2;139;106;189m[38;2;0;0;0m▄[0m[48;2;65;65;65m[38;2;0;0;0m▄[0m[48;2;197;189;123m[38;2;65;65;65m▄[0m[48;2;197;189;123m[38;2;197;189;123m▄[0m[48;2;65;65;65m[38;2;197;189;123m▄[0m[48;2;139;106;189m[38;2;65;65;65m▄[0m[48;2;139;106;189m[38;2;65;65;65m▄[0m[48;2;65;65;65m[38;2;74;148;180m▄[0m[48;2;139;106;189m[38;2;0;0;0m▄[0m[48;2;139;106;189m[38;2;65;65;65m▄[0m[48;2;238;230;164m[38;2;139;106;189m▄[0m[48;2;65;65;65m[38;2;139;106;189m▄[0m[48;2;0;0;0m[38;2;0;0;0m▄[0m[38;2;0;0;0m▀[0m[48;2;74;148;180m[38;2;0;0;0m▄[0m[38;2;0;0;0m▀[0m
 [38;2;0;0;0m▀[0m    [38;2;0;0;0m▀[0m[48;2;65;65;65m[38;2;0;0;0m▄[0m[48;2;106;82;156m[38;2;0;0;0m▄[0m[48;2;106;82;156m[38;2;0;0;0m▄[0m[48;2;74;148;180m[38;2;0;0;0m▄[0m[38;2;0;0;0m▀[0m [38;2;0;0;0m▀[0m[48;2;139;106;189m[38;2;0;0;0m▄[0m[48;2;74;189;230m[38;2;74;189;230m▄[0m[48;2;0;0;0m[38;2;0;0;0m▄[0m   
               [38;2;0;0;0m▀[0m    