    [38;2;0;0;0m▄[0m[48;2;0;0;0m[38;2;255;205;222m▄[0m[48;2;0;0;0m[38;2;255;205;222m▄[0m[48;2;0;0;0m[38;2;255;205;222m▄[0m[38;2;0;0;0m▄[0m    
   [48;2;0;0;0m[38;2;0;0;0m▄[0m[48;2;255;205;222m[38;2;255;205;222m▄[0m[48;2;255;205;222m[38;2;255;205;222m▄[0m[48;2;255;205;222m[38;2;255;205;222m▄[0m[48;2;255;205;222m[38;2;255;205;222m▄[0m[48;2;255;205;222m[38;2;255;205;222m▄[0m[48;2;0;0;0m[38;2;0;0;0m▄[0m   
 [38;2;0;0;0m▄[0m[48;2;0;0;0m[38;2;65;65;65m▄[0m[48;2;255;205;222m[38;2;255;205;222m▄[0m[48;2;255;205;222m[38;2;255;205;222m▄[0m[48;2;255;205;222m[38;2;255;205;222m▄[0m[48;2;255;205;222m[38;2;255;205;222m▄[0m[48;2;255;205;222m[38;2;255;205;222m▄[0m[48;2;255;205;222m[38;2;255;205;222m▄[0m[48;2;255;205;222m[38;2;255;205;222m▄[0m[48;2;0;0;0m[38;2;0;0;0m▄[0m  
[48;2;0;0;0m[38;2;0;0;0m▄[0m[48;2;164;156;197m[38;2;164;156;197m▄[0m[48;2;65;65;65m[38;2;65;65;65m▄[0m[48;2;197;131;205m[38;2;205;148;213m▄[0m[48;2;255;205;222m[38;2;197;131;205m▄[0m[48;2;255;205;222m[38;2;197;131;205m▄[0m[48;2;197;131;205m[38;2;205;148;213m▄[0m[48;2;197;131;205m[38;2;205;148;213m▄[0m[48;2;197;131;205m[38;2;205;148;213m▄[0m[48;2;255;205;222m[38;2;65;65;65m▄[0m[48;2;0;0;0m[38;2;230;222;255m▄[0m[48;2;0;0;0m[38;2;230;222;255m▄[0m[38;2;0;0;0m▄[0m
[48;2;0;0;0m[38;2;0;0;0m▄[0m[48;2;164;156;197m[38;2;164;156;197m▄[0m[48;2;164;156;197m[38;2;164;156;197m▄[0m[48;2;65;65;65m[38;2;139;123;180m▄[0m[48;2;205;148;213m[38;2;65;65;65m▄[0m[48;2;205;148;213m[38;2;65;65;65m▄[0m[48;2;205;148;213m[38;2;65;65;65m▄[0m[48;2;205;148;213m[38;2;65;65;65m▄[0m[48;2;65;65;65m[38;2;139;123;180m▄[0m[48;2;230;222;255m[38;2;230;222;255m▄[0m[48;2;230;222;255m[38;2;230;222;255m▄[0m[48;2;230;222;255m[38;2;230;222;255m▄[0m[48;2;0;0;0m[38;2;0;0;0m▄[0m
 [38;2;0;0;0m▀[0m[48;2;139;123;180m[38;2;0;0;0m▄[0m[48;2;139;123;180m[38;2;65;65;65m▄[0m[48;2;213;213;189m[38;2;65;65;65m▄[0m[48;2;65;65;65m[38;2;65;65;65m▄[0m[48;2;213;213;189m[38;2;213;213;189m▄[0m[48;2;65;65;65m[38;2;65;65;65m▄[0m[48;2;164;156;197m[38;2;65;65;65m▄[0m[48;2;139;123;180m[38;2;164;156;197m▄[0m[48;2;139;123;180m[38;2;164;156;197m▄[0m[48;2;230;222;255m[38;2;0;0;0m▄[0m[38;2;0;0;0m▀[0m
 [48;2;0;0;0m[38;2;0;0;0m▄[0m[48;2;255;255;230m[38;2;213;213;189m▄[0m[48;2;65;65;65m[38;2;164;164;148m▄[0m[48;2;213;213;189m[38;2;255;255;230m▄[0m[48;2;255;255;230m[38;2;255;255;230m▄[0m[48;2;65;65;65m[38;2;164;164;148m▄[0m[48;2;255;255;230m[38;2;255;255;230m▄[0m[48;2;213;213;189m[38;2;255;255;230m▄[0m[48;2;65;65;65m[38;2;65;65;65m▄[0m[48;2;0;0;0m[38;2;255;255;230m▄[0m[38;2;0;0;0m▄[0m 
  [48;2;0;0;0m[38;2;0;0;0m▄[0m[48;2;255;255;230m[38;2;65;65;65m▄[0m[48;2;213;213;189m[38;2;255;255;230m▄[0m[48;2;213;213;189m[38;2;255;255;230m▄[0m[48;2;255;255;230m[38;2;255;255;230m▄[0m[48;2;213;213;189m[38;2;255;255;230m▄[0m[48;2;164;164;148m[38;2;255;255;230m▄[0m[48;2;213;213;189m[38;2;255;255;230m▄[0m[48;2;164;164;148m[38;2;0;0;0m▄[0m[38;2;0;0;0m▀[0m 
  [38;2;0;0;0m▀[0m[48;2;65;65;65m[38;2;0;0;0m▄[0m[48;2;255;255;230m[38;2;213;213;189m▄[0m[48;2;255;255;230m[38;2;213;213;189m▄[0m[48;2;0;0;0m[38;2;0;0;0m▄[0m[48;2;255;255;230m[38;2;222;246;148m▄[0m[48;2;255;255;230m[38;2;213;213;189m▄[0m[48;2;213;213;189m[38;2;213;213;189m▄[0m[48;2;0;0;0m[38;2;0;0;0m▄[0m  
    [38;2;0;0;0m▀[0m[48;2;213;213;189m[38;2;0;0;0m▄[0m[48;2;213;213;189m[38;2;65;65;65m▄[0m[48;2;213;213;189m[38;2;0;0;0m▄[0m[48;2;213;213;189m[38;2;0;0;0m▄[0m[38;2;0;0;0m▀[0m   
   [38;2;0;0;0m▄[0m[48;2;0;0;0m[38;2;222;246;148m▄[0m[48;2;0;0;0m[38;2;164;164;148m▄[0m[48;2;213;213;189m[38;2;222;246;148m▄[0m[48;2;0;0;0m[38;2;0;0;0m▄[0m[38;2;0;0;0m▄[0m    
    [38;2;0;0;0m▀[0m[38;2;0;0;0m▀[0m[38;2;0;0;0m▀[0m[48;2;222;246;148m[38;2;0;0;0m▄[0m[48;2;222;246;148m[38;2;0;0;0m▄[0m[38;2;0;0;0m▀[0m   