        [38;2;0;0;0m▄[0m[38;2;0;0;0m▄[0m[48;2;0;0;0m[38;2;214;190;74m▄[0m[48;2;0;0;0m[38;2;164;147;49m▄[0m[48;2;0;0;0m[38;2;214;190;74m▄[0m[38;2;0;0;0m▄[0m                    
      [38;2;0;0;0m▄[0m[48;2;0;0;0m[38;2;214;190;74m▄[0m[48;2;214;190;74m[38;2;164;147;49m▄[0m[48;2;214;190;74m[38;2;164;147;49m▄[0m[48;2;214;190;74m[38;2;164;147;49m▄[0m[48;2;164;147;49m[38;2;214;190;66m▄[0m[48;2;214;190;74m[38;2;214;190;66m▄[0m[48;2;0;0;0m[38;2;82;73;36m▄[0m[38;2;0;0;16m▄[0m[38;2;0;0;0m▄[0m[38;2;0;0;0m▄[0m                 
     [48;2;0;0;0m[38;2;0;0;0m▄[0m[48;2;214;190;74m[38;2;189;89;82m▄[0m[48;2;164;147;49m[38;2;214;190;74m▄[0m[48;2;214;190;74m[38;2;189;89;82m▄[0m[48;2;214;190;74m[38;2;189;89;82m▄[0m[48;2;214;190;74m[38;2;214;190;74m▄[0m[48;2;164;148;63m[38;2;164;148;49m▄[0m[48;2;66;65;57m[38;2;66;65;66m▄[0m[48;2;165;146;57m[38;2;66;65;66m▄[0m[48;2;165;146;57m[38;2;66;65;66m▄[0m[48;2;214;190;74m[38;2;66;65;66m▄[0m[48;2;214;190;74m[38;2;164;148;66m▄[0m[48;2;0;0;0m[38;2;214;190;82m▄[0m[48;2;0;0;0m[38;2;214;190;82m▄[0m[38;2;0;0;0m▄[0m [38;2;0;0;8m▄[0m[48;2;0;0;0m[38;2;206;186;99m▄[0m[48;2;0;0;0m[38;2;214;190;74m▄[0m[38;2;0;0;0m▄[0m   [38;2;0;0;0m▄[0m[48;2;0;0;0m[38;2;214;190;74m▄[0m[48;2;0;0;0m[38;2;214;190;74m▄[0m[48;2;0;0;0m[38;2;214;195;90m▄[0m[38;2;0;4;8m▄[0m 
    [48;2;0;0;0m[38;2;0;0;0m▄[0m[48;2;189;89;82m[38;2;189;90;82m▄[0m[48;2;189;89;82m[38;2;189;90;82m▄[0m[48;2;189;89;82m[38;2;189;90;82m▄[0m[48;2;189;89;82m[38;2;189;90;82m▄[0m[48;2;189;89;82m[38;2;181;105;99m▄[0m[48;2;214;190;74m[38;2;66;69;74m▄[0m[48;2;66;65;66m[38;2;164;148;63m▄[0m[48;2;164;148;49m[38;2;214;190;66m▄[0m[48;2;214;190;74m[38;2;189;90;82m▄[0m[48;2;214;190;74m[38;2;189;90;82m▄[0m[48;2;214;190;66m[38;2;189;89;82m▄[0m[48;2;66;65;66m[38;2;214;190;74m▄[0m[48;2;71;63;38m[38;2;66;65;66m▄[0m[48;2;0;0;16m[38;2;164;148;66m▄[0m[38;2;0;0;0m▄[0m [38;2;0;0;8m▀[0m[48;2;137;124;68m[38;2;0;0;0m▄[0m[48;2;214;190;74m[38;2;137;124;79m▄[0m[48;2;214;190;74m[38;2;206;186;107m▄[0m[48;2;0;0;0m[38;2;85;83;82m▄[0m[38;2;0;0;0m▄[0m[48;2;0;0;0m[38;2;214;190;66m▄[0m[48;2;214;190;74m[38;2;214;190;66m▄[0m[48;2;214;190;74m[38;2;126;119;115m▄[0m[48;2;123;119;115m[38;2;126;119;115m▄[0m[48;2;142;131;62m[38;2;142;132;84m▄[0m[48;2;142;131;62m[38;2;142;132;84m▄[0m[48;2;0;0;0m[38;2;0;0;0m▄[0m
   [48;2;0;0;0m[38;2;0;0;24m▄[0m[48;2;66;65;66m[38;2;206;186;107m▄[0m[48;2;189;90;82m[38;2;66;69;74m▄[0m[48;2;189;90;82m[38;2;181;105;99m▄[0m[48;2;189;90;82m[38;2;66;65;66m▄[0m[48;2;189;90;82m[38;2;66;65;66m▄[0m[48;2;66;69;74m[38;2;90;87;85m▄[0m[48;2;142;93;90m[38;2;90;87;85m▄[0m[48;2;66;65;57m[38;2;255;255;255m▄[0m[48;2;214;190;66m[38;2;66;60;57m▄[0m[48;2;189;90;82m[38;2;222;182;74m▄[0m[48;2;189;90;82m[38;2;152;117;74m▄[0m[48;2;189;89;82m[38;2;189;89;82m▄[0m[48;2;189;89;82m[38;2;214;190;74m▄[0m[48;2;214;190;66m[38;2;222;170;74m▄[0m[48;2;66;65;66m[38;2;66;56;66m▄[0m[48;2;165;150;49m[38;2;115;106;49m▄[0m[48;2;0;0;0m[38;2;115;106;49m▄[0m[38;2;0;0;8m▄[0m[38;2;0;0;8m▄[0m[48;2;0;0;24m[38;2;214;190;74m▄[0m[48;2;68;62;51m[38;2;214;190;74m▄[0m[48;2;255;251;247m[38;2;82;73;49m▄[0m[48;2;170;167;164m[38;2;231;215;189m▄[0m[48;2;66;65;57m[38;2;164;148;63m▄[0m[48;2;164;148;63m[38;2;66;65;57m▄[0m[48;2;126;119;115m[38;2;66;65;66m▄[0m[48;2;126;119;115m[38;2;66;65;66m▄[0m[48;2;71;66;46m[38;2;165;148;49m▄[0m[48;2;0;0;8m[38;2;165;148;49m▄[0m[38;2;0;0;0m▄[0m
 [38;2;0;0;0m▄[0m[48;2;0;0;0m[38;2;214;207;206m▄[0m[48;2;68;62;51m[38;2;66;65;66m▄[0m[48;2;137;124;79m[38;2;66;65;66m▄[0m[48;2;142;93;90m[38;2;172;165;156m▄[0m[48;2;66;69;74m[38;2;123;119;115m▄[0m[48;2;126;119;115m[38;2;123;117;115m▄[0m[48;2;126;119;115m[38;2;255;255;255m▄[0m[48;2;8;4;0m[38;2;156;105;99m▄[0m[48;2;255;255;255m[38;2;255;255;255m▄[0m[48;2;255;255;255m[38;2;126;119;115m▄[0m[48;2;129;125;123m[38;2;126;119;115m▄[0m[48;2;82;52;74m[38;2;66;65;74m▄[0m[48;2;222;182;74m[38;2;165;146;74m▄[0m[48;2;214;190;74m[38;2;189;89;82m▄[0m[48;2;214;190;74m[38;2;189;89;82m▄[0m[48;2;170;132;71m[38;2;189;89;82m▄[0m[48;2;170;132;71m[38;2;214;190;74m▄[0m[48;2;66;65;57m[38;2;66;65;57m▄[0m[48;2;164;148;41m[38;2;115;106;60m▄[0m[48;2;79;73;35m[38;2;214;190;74m▄[0m[48;2;159;146;62m[38;2;66;65;66m▄[0m[48;2;164;147;49m[38;2;126;119;115m▄[0m[48;2;164;147;49m[38;2;126;119;115m▄[0m[48;2;131;120;95m[38;2;66;65;66m▄[0m[48;2;82;73;49m[38;2;66;65;66m▄[0m[48;2;214;190;66m[38;2;214;190;74m▄[0m[48;2;214;190;66m[38;2;214;190;74m▄[0m[48;2;66;65;66m[38;2;214;190;74m▄[0m[48;2;164;148;49m[38;2;66;65;66m▄[0m[48;2;165;148;49m[38;2;79;73;35m▄[0m[48;2;165;148;49m[38;2;0;0;8m▄[0m[38;2;0;0;0m▀[0m
 [48;2;0;0;0m[38;2;0;0;0m▄[0m[48;2;214;207;206m[38;2;214;207;206m▄[0m[48;2;214;207;206m[38;2;214;207;206m▄[0m[48;2;115;112;112m[38;2;214;207;206m▄[0m[48;2;172;165;156m[38;2;120;116;112m▄[0m[48;2;172;165;156m[38;2;173;166;156m▄[0m[48;2;167;163;161m[38;2;66;65;66m▄[0m[48;2;123;117;115m[38;2;173;166;156m▄[0m[48;2;255;255;255m[38;2;66;65;66m▄[0m[48;2;156;105;99m[38;2;66;65;66m▄[0m[48;2;66;65;66m[38;2;173;166;156m▄[0m[48;2;126;119;115m[38;2;68;66;68m▄[0m[48;2;132;119;74m[38;2;132;125;95m▄[0m[48;2;66;65;74m[38;2;66;69;57m▄[0m[48;2;214;190;74m[38;2;82;52;74m▄[0m[48;2;189;89;82m[38;2;222;182;74m▄[0m[48;2;189;89;82m[38;2;222;182;74m▄[0m[48;2;214;190;74m[38;2;82;52;74m▄[0m[48;2;66;65;57m[38;2;115;106;49m▄[0m[48;2;214;190;66m[38;2;115;106;49m▄[0m[48;2;214;190;74m[38;2;115;106;35m▄[0m[48;2;66;65;66m[38;2;214;190;74m▄[0m[48;2;126;119;115m[38;2;66;65;66m▄[0m[48;2;66;65;66m[38;2;0;0;0m▄[0m[48;2;164;148;49m[38;2;164;148;49m▄[0m[48;2;164;148;49m[38;2;164;148;49m▄[0m[48;2;66;65;66m[38;2;66;65;74m▄[0m[48;2;214;190;74m[38;2;82;78;63m▄[0m[48;2;214;190;74m[38;2;66;65;74m▄[0m[48;2;66;65;66m[38;2;115;105;41m▄[0m[48;2;159;146;62m[38;2;165;150;49m▄[0m[48;2;0;0;8m[38;2;0;0;0m▄[0m 
  [38;2;0;0;0m▀[0m[48;2;214;207;206m[38;2;0;0;0m▄[0m[48;2;123;119;115m[38;2;173;166;156m▄[0m[48;2;173;166;156m[38;2;173;166;156m▄[0m[48;2;68;66;68m[38;2;57;58;57m▄[0m[48;2;173;166;156m[38;2;173;166;156m▄[0m[48;2;66;65;66m[38;2;173;166;156m▄[0m[48;2;173;166;156m[38;2;66;65;66m▄[0m[48;2;173;166;156m[38;2;66;65;66m▄[0m[48;2;120;116;112m[38;2;66;65;66m▄[0m[48;2;120;116;112m[38;2;66;65;66m▄[0m[48;2;66;69;57m[38;2;115;105;49m▄[0m[48;2;99;97;76m[38;2;76;70;35m▄[0m[48;2;222;182;74m[38;2;222;178;82m▄[0m[48;2;152;117;74m[38;2;150;118;57m▄[0m[48;2;152;117;74m[38;2;152;117;74m▄[0m[48;2;222;182;74m[38;2;222;182;74m▄[0m[48;2;66;65;41m[38;2;76;70;35m▄[0m[48;2;214;190;66m[38;2;115;105;49m▄[0m[48;2;214;190;74m[38;2;214;190;74m▄[0m[48;2;214;190;74m[38;2;115;106;35m▄[0m[48;2;0;0;0m[38;2;0;0;0m▄[0m [38;2;0;0;0m▀[0m[38;2;0;0;0m▀[0m[48;2;115;105;41m[38;2;0;0;0m▄[0m[48;2;115;105;41m[38;2;66;65;66m▄[0m[48;2;82;78;63m[38;2;86;83;78m▄[0m[48;2;66;65;74m[38;2;0;0;0m▄[0m[38;2;0;0;0m▀[0m  
    [38;2;0;0;0m▀[0m[38;2;0;4;8m▀[0m[48;2;173;166;156m[38;2;0;0;0m▄[0m[48;2;0;4;8m[38;2;173;166;156m▄[0m[48;2;57;58;57m[38;2;173;166;156m▄[0m[48;2;214;207;206m[38;2;214;207;206m▄[0m[48;2;66;65;66m[38;2;214;207;206m▄[0m[48;2;126;119;115m[38;2;66;65;66m▄[0m[48;2;66;65;66m[38;2;126;119;115m▄[0m[48;2;115;105;49m[38;2;0;0;0m▄[0m[38;2;0;0;8m▀[0m[38;2;8;0;8m▀[0m[48;2;222;178;82m[38;2;0;0;0m▄[0m[48;2;222;182;74m[38;2;115;105;37m▄[0m[48;2;82;52;74m[38;2;115;105;37m▄[0m[48;2;115;105;49m[38;2;0;0;0m▄[0m[38;2;0;0;8m▀[0m[48;2;115;106;35m[38;2;0;0;0m▄[0m[48;2;115;106;35m[38;2;0;0;0m▄[0m[38;2;0;0;0m▀[0m    [48;2;0;0;0m[38;2;0;0;0m▄[0m[48;2;86;83;78m[38;2;126;118;115m▄[0m[48;2;0;0;0m[38;2;0;0;0m▄[0m   
    [38;2;0;0;0m▄[0m[38;2;8;8;8m▄[0m[48;2;0;0;0m[38;2;63;62;60m▄[0m[48;2;66;65;66m[38;2;165;150;57m▄[0m[48;2;173;166;156m[38;2;71;68;85m▄[0m[48;2;214;207;206m[38;2;74;69;82m▄[0m[48;2;66;65;66m[38;2;214;190;82m▄[0m[48;2;126;119;115m[38;2;66;65;66m▄[0m[48;2;126;119;115m[38;2;176;167;159m▄[0m[48;2;66;65;66m[38;2;172;165;156m▄[0m[48;2;0;0;0m[38;2;172;165;156m▄[0m[38;2;0;0;0m▄[0m[38;2;0;0;0m▄[0m[48;2;0;0;0m[38;2;0;0;0m▄[0m[38;2;0;0;0m▀[0m        [48;2;0;0;0m[38;2;0;0;0m▄[0m[48;2;123;119;115m[38;2;126;118;115m▄[0m[48;2;126;118;115m[38;2;0;0;0m▄[0m[38;2;0;0;0m▀[0m   
   [38;2;0;0;0m▀[0m[48;2;173;166;156m[38;2;0;0;0m▄[0m[48;2;173;170;165m[38;2;126;119;115m▄[0m[48;2;63;62;60m[38;2;126;119;115m▄[0m[48;2;165;150;57m[38;2;66;65;66m▄[0m[48;2;118;109;71m[38;2;214;190;66m▄[0m[48;2;120;109;82m[38;2;214;190;74m▄[0m[48;2;214;190;82m[38;2;66;65;66m▄[0m[48;2;121;116;112m[38;2;132;119;74m▄[0m[48;2;66;65;66m[38;2;66;65;74m▄[0m[48;2;123;119;115m[38;2;255;255;255m▄[0m[48;2;123;119;115m[38;2;255;255;255m▄[0m[48;2;127;125;123m[38;2;211;209;208m▄[0m[48;2;255;251;247m[38;2;255;255;255m▄[0m[48;2;255;255;255m[38;2;120;116;112m▄[0m[48;2;0;0;0m[38;2;173;166;156m▄[0m[38;2;0;0;0m▄[0m[38;2;0;0;0m▄[0m[38;2;0;0;0m▄[0m  [38;2;0;0;0m▄[0m[48;2;0;0;0m[38;2;176;167;159m▄[0m[48;2;0;0;0m[38;2;66;65;66m▄[0m[48;2;126;118;115m[38;2;126;118;115m▄[0m[48;2;126;118;115m[38;2;0;0;0m▄[0m[38;2;0;0;0m▀[0m    
 [38;2;0;4;0m▄[0m[48;2;0;0;0m[38;2;214;190;74m▄[0m[48;2;0;0;0m[38;2;99;97;76m▄[0m[48;2;165;150;49m[38;2;66;69;57m▄[0m[48;2;66;65;66m[38;2;126;118;115m▄[0m[48;2;66;65;66m[38;2;126;118;115m▄[0m[48;2;164;148;66m[38;2;0;0;0m▄[0m[48;2;66;65;66m[38;2;214;190;74m▄[0m[48;2;66;65;66m[38;2;214;190;66m▄[0m[48;2;214;190;74m[38;2;66;65;66m▄[0m[48;2;66;65;74m[38;2;164;148;49m▄[0m[48;2;165;146;74m[38;2;164;148;49m▄[0m[48;2;66;65;66m[38;2;66;65;66m▄[0m[48;2;255;255;255m[38;2;66;65;66m▄[0m[48;2;255;255;255m[38;2;255;255;222m▄[0m[48;2;123;117;115m[38;2;74;69;49m▄[0m[48;2;68;66;68m[38;2;126;119;115m▄[0m[48;2;120;116;112m[38;2;66;65;66m▄[0m[48;2;126;118;115m[38;2;136;125;82m▄[0m[48;2;126;118;115m[38;2;66;65;74m▄[0m[48;2;123;119;115m[38;2;66;65;74m▄[0m[48;2;0;0;0m[38;2;136;125;82m▄[0m[48;2;0;0;0m[38;2;126;119;115m▄[0m[48;2;173;166;156m[38;2;66;65;66m▄[0m[48;2;66;65;66m[38;2;126;118;115m▄[0m[48;2;121;116;112m[38;2;126;118;115m▄[0m[48;2;126;118;115m[38;2;0;0;0m▄[0m[38;2;0;0;0m▀[0m     
[48;2;0;0;0m[38;2;0;0;0m▄[0m[48;2;214;190;74m[38;2;66;65;74m▄[0m[48;2;107;97;37m[38;2;66;65;74m▄[0m[48;2;66;69;57m[38;2;126;118;115m▄[0m[48;2;132;125;95m[38;2;126;118;115m▄[0m[48;2;126;118;115m[38;2;0;0;0m▄[0m[38;2;0;0;0m▀[0m[38;2;0;0;0m▄[0m[48;2;0;0;0m[38;2;120;113;110m▄[0m[48;2;66;65;66m[38;2;126;119;115m▄[0m[48;2;164;148;66m[38;2;66;65;66m▄[0m[48;2;66;65;66m[38;2;126;119;115m▄[0m[48;2;66;65;66m[38;2;126;119;115m▄[0m[48;2;66;65;66m[38;2;66;65;66m▄[0m[48;2;173;166;156m[38;2;66;65;66m▄[0m[48;2;74;69;49m[38;2;214;190;82m▄[0m[48;2;164;162;135m[38;2;74;69;82m▄[0m[48;2;126;119;115m[38;2;214;190;74m▄[0m[48;2;126;119;115m[38;2;214;190;74m▄[0m[48;2;66;65;74m[38;2;66;65;66m▄[0m[48;2;206;186;90m[38;2;66;65;66m▄[0m[48;2;206;186;90m[38;2;142;132;84m▄[0m[48;2;66;65;74m[38;2;142;132;84m▄[0m[48;2;66;65;66m[38;2;126;119;115m▄[0m[48;2;126;119;115m[38;2;66;65;66m▄[0m[48;2;126;118;115m[38;2;0;0;0m▄[0m[38;2;0;0;0m▀[0m       
[38;2;0;0;0m▀[0m[48;2;136;125;82m[38;2;0;0;0m▄[0m[48;2;206;186;90m[38;2;123;119;115m▄[0m[48;2;63;59;57m[38;2;137;124;68m▄[0m[48;2;0;0;0m[38;2;206;186;99m▄[0m[38;2;0;0;0m▄[0m [38;2;0;0;0m▀[0m[48;2;181;170;165m[38;2;0;0;0m▄[0m[48;2;126;119;115m[38;2;66;65;66m▄[0m[48;2;66;65;66m[38;2;66;65;66m▄[0m[48;2;66;65;66m[38;2;103;93;49m▄[0m[48;2;66;65;66m[38;2;0;0;8m▄[0m[48;2;66;65;66m[38;2;0;0;16m▄[0m[48;2;0;0;0m[38;2;137;124;82m▄[0m[48;2;120;109;82m[38;2;231;154;82m▄[0m[48;2;214;190;82m[38;2;74;48;66m▄[0m[48;2;123;119;115m[38;2;214;190;74m▄[0m[48;2;123;119;115m[38;2;214;190;74m▄[0m[48;2;66;65;66m[38;2;60;56;54m▄[0m[48;2;126;119;115m[38;2;0;0;0m▄[0m[38;2;0;0;8m▀[0m[48;2;71;66;46m[38;2;0;0;0m▄[0m[48;2;66;65;66m[38;2;154;138;71m▄[0m[48;2;126;119;115m[38;2;154;138;71m▄[0m[48;2;123;119;115m[38;2;142;132;82m▄[0m[48;2;0;0;0m[38;2;0;0;0m▄[0m       
  [38;2;0;0;0m▀[0m[38;2;0;0;8m▀[0m[38;2;0;0;8m▀[0m [38;2;0;0;0m▄[0m[48;2;0;0;0m[38;2;165;150;49m▄[0m[48;2;86;83;78m[38;2;0;0;0m▄[0m[48;2;86;81;78m[38;2;165;150;49m▄[0m[48;2;86;81;78m[38;2;0;0;0m▄[0m[38;2;0;0;8m▀[0m[48;2;206;186;90m[38;2;0;0;0m▄[0m[48;2;137;124;82m[38;2;66;65;74m▄[0m[48;2;206;186;115m[38;2;206;186;90m▄[0m[48;2;178;118;76m[38;2;189;89;82m▄[0m[48;2;178;118;76m[38;2;189;89;82m▄[0m[48;2;66;65;66m[38;2;176;119;66m▄[0m[48;2;66;65;66m[38;2;66;65;66m▄[0m[48;2;90;85;82m[38;2;87;82;79m▄[0m[48;2;0;0;0m[38;2;87;82;79m▄[0m[38;2;0;0;0m▄[0m [38;2;0;0;0m▀[0m[48;2;154;138;71m[38;2;0;0;0m▄[0m[48;2;142;132;82m[38;2;0;0;0m▄[0m[38;2;0;0;0m▀[0m       
       [38;2;0;0;0m▀[0m [38;2;0;0;0m▀[0m [38;2;0;0;0m▀[0m[48;2;214;190;74m[38;2;0;0;0m▄[0m[48;2;136;125;82m[38;2;0;0;0m▄[0m[48;2;66;65;74m[38;2;123;119;115m▄[0m[48;2;214;190;74m[38;2;79;73;35m▄[0m[48;2;214;190;74m[38;2;159;146;62m▄[0m[48;2;176;119;66m[38;2;0;0;0m▄[0m[48;2;66;65;66m[38;2;0;0;0m▄[0m[48;2;87;82;79m[38;2;165;150;49m▄[0m[48;2;87;82;79m[38;2;0;0;0m▄[0m[38;2;0;0;0m▀[0m            
              [38;2;0;0;0m▀[0m[38;2;0;0;8m▀[0m[38;2;0;0;8m▀[0m  [38;2;0;0;0m▀[0m              