       [38;2;0;0;0m▄[0m[48;2;0;0;0m[38;2;167;167;153m▄[0m[48;2;0;0;0m[38;2;246;246;230m▄[0m[48;2;0;0;0m[38;2;255;255;246m▄[0m[38;2;8;4;0m▄[0m                [38;2;0;0;0m▄[0m[38;2;0;0;0m▄[0m[38;2;0;0;0m▄[0m            
     [38;2;0;0;0m▄[0m[48;2;0;0;0m[38;2;164;159;142m▄[0m[48;2;205;186;139m[38;2;238;234;213m▄[0m[48;2;246;246;230m[38;2;0;0;0m▄[0m[38;2;8;8;0m▀[0m[48;2;172;171;164m[38;2;0;0;0m▄[0m[48;2;255;255;246m[38;2;205;186;139m▄[0m[48;2;0;0;0m[38;2;255;255;255m▄[0m[38;2;0;0;0m▄[0m           [38;2;0;0;0m▄[0m[48;2;0;0;0m[38;2;172;171;164m▄[0m[48;2;0;0;0m[38;2;255;255;246m▄[0m[48;2;255;255;255m[38;2;0;0;0m▄[0m[48;2;255;255;255m[38;2;0;0;0m▄[0m[48;2;255;255;255m[38;2;169;169;159m▄[0m[48;2;0;0;0m[38;2;255;255;238m▄[0m[48;2;0;0;0m[38;2;172;171;159m▄[0m[38;2;8;4;0m▄[0m         
    [38;2;8;4;0m▄[0m[48;2;0;0;0m[38;2;167;163;142m▄[0m[48;2;238;234;213m[38;2;0;0;0m▄[0m[38;2;16;8;0m▀[0m   [38;2;0;0;0m▀[0m[48;2;255;255;255m[38;2;0;0;0m▄[0m[48;2;0;0;0m[38;2;222;222;222m▄[0m[38;2;0;0;0m▄[0m         [48;2;0;0;0m[38;2;8;8;0m▄[0m[48;2;205;186;139m[38;2;246;246;230m▄[0m[48;2;255;255;246m[38;2;0;0;0m▄[0m[38;2;8;4;0m▀[0m  [38;2;0;0;0m▀[0m[38;2;0;0;0m▀[0m[48;2;255;255;238m[38;2;0;0;0m▄[0m[48;2;172;171;159m[38;2;255;255;255m▄[0m[48;2;0;0;0m[38;2;172;171;159m▄[0m[38;2;8;4;0m▄[0m       
   [38;2;0;0;0m▄[0m[48;2;8;4;0m[38;2;222;222;222m▄[0m[48;2;246;242;213m[38;2;0;0;0m▄[0m[38;2;0;0;0m▀[0m     [48;2;0;0;0m[38;2;0;0;0m▄[0m[48;2;222;222;222m[38;2;222;222;222m▄[0m[48;2;0;0;0m[38;2;0;0;0m▄[0m        [48;2;0;0;0m[38;2;0;0;0m▄[0m[48;2;246;246;230m[38;2;222;222;222m▄[0m[48;2;167;167;153m[38;2;0;0;0m▄[0m[38;2;0;0;0m▀[0m      [38;2;0;0;0m▀[0m[48;2;255;255;238m[38;2;0;0;0m▄[0m[48;2;172;171;159m[38;2;255;255;238m▄[0m[48;2;0;0;0m[38;2;0;0;0m▄[0m      
  [38;2;0;0;0m▄[0m[48;2;0;0;0m[38;2;222;222;222m▄[0m[48;2;222;222;222m[38;2;0;0;0m▄[0m[38;2;0;0;0m▀[0m      [38;2;0;0;0m▄[0m[48;2;0;0;0m[38;2;222;210;131m▄[0m[38;2;0;0;0m▄[0m  [38;2;0;0;0m▄[0m[38;2;0;0;0m▄[0m[38;2;0;0;0m▄[0m[38;2;0;0;0m▄[0m[38;2;0;0;0m▄[0m [48;2;0;0;0m[38;2;0;0;0m▄[0m[48;2;222;222;222m[38;2;0;0;0m▄[0m[38;2;0;0;0m▀[0m        [38;2;0;0;0m▀[0m[48;2;169;169;159m[38;2;0;0;0m▄[0m[48;2;255;255;255m[38;2;255;255;255m▄[0m[48;2;0;0;0m[38;2;0;0;0m▄[0m     
  [48;2;0;0;0m[38;2;0;0;0m▄[0m[48;2;222;222;222m[38;2;222;222;222m▄[0m[48;2;0;0;0m[38;2;0;0;0m▄[0m       [48;2;0;0;0m[38;2;0;0;0m▄[0m[48;2;222;210;131m[38;2;169;169;159m▄[0m[48;2;65;64;65m[38;2;65;68;57m▄[0m[48;2;0;0;0m[38;2;255;255;230m▄[0m[48;2;0;0;0m[38;2;255;255;255m▄[0m[48;2;255;255;255m[38;2;255;255;255m▄[0m[48;2;255;255;255m[38;2;255;255;255m▄[0m[48;2;255;255;255m[38;2;255;255;255m▄[0m[48;2;255;255;255m[38;2;255;255;255m▄[0m[48;2;255;255;255m[38;2;255;255;255m▄[0m[48;2;0;0;0m[38;2;65;64;65m▄[0m[48;2;255;234;172m[38;2;255;234;172m▄[0m[48;2;65;64;65m[38;2;65;64;65m▄[0m[48;2;0;0;0m[38;2;255;255;255m▄[0m[38;2;0;0;0m▄[0m[38;2;0;0;0m▄[0m        [48;2;0;0;0m[38;2;0;0;0m▄[0m[48;2;255;255;255m[38;2;255;255;255m▄[0m[48;2;0;0;0m[38;2;0;0;0m▄[0m    
 [48;2;0;0;0m[38;2;0;0;0m▄[0m[48;2;222;222;222m[38;2;222;222;222m▄[0m[48;2;0;0;0m[38;2;0;0;0m▄[0m      [38;2;8;8;8m▄[0m[48;2;0;0;0m[38;2;255;255;255m▄[0m[48;2;255;255;238m[38;2;143;145;139m▄[0m[48;2;84;84;79m[38;2;65;64;65m▄[0m[48;2;191;192;172m[38;2;222;210;131m▄[0m[48;2;65;68;57m[38;2;65;64;65m▄[0m[48;2;255;255;255m[38;2;255;242;213m▄[0m[48;2;255;255;255m[38;2;65;64;65m▄[0m[48;2;255;255;255m[38;2;255;242;213m▄[0m[48;2;255;255;255m[38;2;65;64;65m▄[0m[48;2;255;255;255m[38;2;255;255;255m▄[0m[48;2;65;64;65m[38;2;65;64;65m▄[0m[48;2;255;234;172m[38;2;255;234;172m▄[0m[48;2;65;64;65m[38;2;65;64;65m▄[0m[48;2;255;255;255m[38;2;65;64;74m▄[0m[48;2;255;255;255m[38;2;156;149;127m▄[0m[48;2;255;255;255m[38;2;255;255;255m▄[0m[48;2;255;255;255m[38;2;255;255;255m▄[0m[48;2;0;0;0m[38;2;255;255;255m▄[0m[38;2;0;0;0m▄[0m       [48;2;0;0;0m[38;2;0;0;0m▄[0m[48;2;255;255;255m[38;2;255;255;255m▄[0m[48;2;0;0;0m[38;2;0;0;0m▄[0m   
 [48;2;0;0;0m[38;2;0;0;0m▄[0m[48;2;222;222;222m[38;2;222;222;222m▄[0m[48;2;0;0;0m[38;2;0;0;0m▄[0m     [48;2;0;0;0m[38;2;0;0;0m▄[0m[48;2;255;255;255m[38;2;255;255;255m▄[0m[48;2;131;131;131m[38;2;148;149;139m▄[0m[48;2;222;226;213m[38;2;222;222;222m▄[0m[48;2;65;64;65m[38;2;222;222;222m▄[0m[48;2;222;210;131m[38;2;65;64;65m▄[0m[48;2;222;210;131m[38;2;65;64;65m▄[0m[48;2;65;64;65m[38;2;238;222;148m▄[0m[48;2;255;242;213m[38;2;238;222;148m▄[0m[48;2;65;64;65m[38;2;255;234;172m▄[0m[48;2;255;242;213m[38;2;255;234;172m▄[0m[48;2;65;64;65m[38;2;255;234;172m▄[0m[48;2;65;64;65m[38;2;255;234;172m▄[0m[48;2;255;234;172m[38;2;222;210;131m▄[0m[48;2;255;234;172m[38;2;65;64;65m▄[0m[48;2;246;234;180m[38;2;57;52;74m▄[0m[48;2;65;64;74m[38;2;222;218;222m▄[0m[48;2;148;149;139m[38;2;65;64;65m▄[0m[48;2;255;255;255m[38;2;143;145;139m▄[0m[48;2;255;255;255m[38;2;255;255;255m▄[0m[48;2;255;255;255m[38;2;255;255;255m▄[0m[48;2;0;0;0m[38;2;0;0;0m▄[0m       [48;2;0;0;0m[38;2;0;0;0m▄[0m[48;2;255;255;255m[38;2;255;255;255m▄[0m[48;2;0;0;0m[38;2;0;0;0m▄[0m  
[48;2;0;0;0m[38;2;0;0;0m▄[0m[48;2;222;222;222m[38;2;222;222;222m▄[0m[48;2;0;0;0m[38;2;0;0;0m▄[0m     [48;2;0;0;0m[38;2;0;0;0m▄[0m[48;2;255;255;255m[38;2;222;222;222m▄[0m[48;2;148;149;139m[38;2;148;149;139m▄[0m[48;2;219;219;216m[38;2;222;222;222m▄[0m[48;2;222;222;222m[38;2;205;178;148m▄[0m[48;2;65;64;65m[38;2;222;223;219m▄[0m[48;2;65;64;65m[38;2;65;64;65m▄[0m[48;2;255;255;255m[38;2;143;145;139m▄[0m[48;2;65;64;65m[38;2;255;255;255m▄[0m[48;2;65;64;65m[38;2;255;255;255m▄[0m[48;2;65;64;65m[38;2;255;255;246m▄[0m[48;2;65;64;65m[38;2;131;117;172m▄[0m[48;2;65;64;65m[38;2;139;194;255m▄[0m[48;2;65;64;65m[38;2;82;52;74m▄[0m[48;2;65;64;65m[38;2;126;110;175m▄[0m[48;2;65;64;65m[38;2;126;110;175m▄[0m[48;2;139;135;148m[38;2;222;222;222m▄[0m[48;2;222;218;222m[38;2;65;64;65m▄[0m[48;2;65;64;65m[38;2;222;223;219m▄[0m[48;2;222;226;213m[38;2;222;223;219m▄[0m[48;2;148;149;139m[38;2;148;149;139m▄[0m[48;2;255;255;255m[38;2;255;255;255m▄[0m[48;2;255;255;255m[38;2;255;255;255m▄[0m[48;2;0;0;0m[38;2;0;0;0m▄[0m      [38;2;0;0;0m▀[0m[48;2;255;255;255m[38;2;0;0;0m▄[0m[48;2;0;0;0m[38;2;255;255;255m▄[0m[38;2;0;0;0m▄[0m 
[48;2;0;0;0m[38;2;0;0;0m▄[0m[48;2;222;222;222m[38;2;222;222;222m▄[0m[48;2;0;0;0m[38;2;0;0;0m▄[0m    [38;2;0;0;0m▄[0m[48;2;0;0;0m[38;2;222;222;222m▄[0m[48;2;222;222;222m[38;2;148;149;139m▄[0m[48;2;148;149;139m[38;2;222;223;219m▄[0m[48;2;222;222;222m[38;2;222;223;219m▄[0m[48;2;205;178;148m[38;2;205;178;148m▄[0m[48;2;222;223;219m[38;2;222;223;219m▄[0m[48;2;222;226;213m[38;2;222;223;219m▄[0m[48;2;65;64;65m[38;2;205;178;148m▄[0m[48;2;65;64;65m[38;2;222;222;222m▄[0m[48;2;255;255;255m[38;2;65;64;65m▄[0m[48;2;213;209;222m[38;2;65;64;65m▄[0m[48;2;213;209;222m[38;2;117;117;117m▄[0m[48;2;111;123;164m[38;2;65;64;65m▄[0m[48;2;111;123;164m[38;2;65;64;65m▄[0m[48;2;126;110;175m[38;2;74;68;57m▄[0m[48;2;65;64;65m[38;2;178;174;161m▄[0m[48;2;65;64;65m[38;2;222;223;219m▄[0m[48;2;222;222;222m[38;2;222;223;219m▄[0m[48;2;205;178;148m[38;2;205;178;148m▄[0m[48;2;222;223;219m[38;2;222;223;219m▄[0m[48;2;219;219;216m[38;2;222;222;222m▄[0m[48;2;148;149;139m[38;2;148;149;139m▄[0m[48;2;255;255;255m[38;2;255;255;255m▄[0m[48;2;255;255;255m[38;2;255;255;255m▄[0m[48;2;0;0;0m[38;2;0;0;0m▄[0m      [48;2;0;0;0m[38;2;0;0;0m▄[0m[48;2;255;255;255m[38;2;255;255;255m▄[0m[48;2;0;0;0m[38;2;0;0;0m▄[0m 
[48;2;0;0;0m[38;2;0;0;0m▄[0m[48;2;222;222;222m[38;2;222;222;222m▄[0m[48;2;0;0;0m[38;2;0;0;0m▄[0m    [48;2;0;0;0m[38;2;0;0;0m▄[0m[48;2;222;222;222m[38;2;222;222;222m▄[0m[48;2;148;149;139m[38;2;148;149;139m▄[0m[48;2;222;223;219m[38;2;222;223;219m▄[0m[48;2;205;178;148m[38;2;205;178;148m▄[0m[48;2;222;223;219m[38;2;222;223;219m▄[0m[48;2;222;223;219m[38;2;222;223;219m▄[0m[48;2;205;178;148m[38;2;183;176;156m▄[0m[48;2;222;223;219m[38;2;238;230;205m▄[0m[48;2;222;222;222m[38;2;222;218;172m▄[0m[48;2;222;222;222m[38;2;65;64;65m▄[0m[48;2;65;64;65m[38;2;222;222;222m▄[0m[48;2;222;222;222m[38;2;222;222;222m▄[0m[48;2;65;64;65m[38;2;222;218;180m▄[0m[48;2;222;222;222m[38;2;65;68;74m▄[0m[48;2;230;226;213m[38;2;222;222;222m▄[0m[48;2;230;226;213m[38;2;222;222;222m▄[0m[48;2;205;178;148m[38;2;205;178;148m▄[0m[48;2;222;223;219m[38;2;222;223;219m▄[0m[48;2;222;223;219m[38;2;222;223;219m▄[0m[48;2;205;178;148m[38;2;205;178;148m▄[0m[48;2;222;222;222m[38;2;222;223;219m▄[0m[48;2;222;222;222m[38;2;222;223;219m▄[0m[48;2;148;149;139m[38;2;148;149;139m▄[0m[48;2;255;255;255m[38;2;255;255;255m▄[0m[48;2;0;0;0m[38;2;255;255;255m▄[0m[38;2;0;0;0m▄[0m     [38;2;0;0;0m▀[0m[48;2;255;255;255m[38;2;0;0;0m▄[0m[48;2;0;0;0m[38;2;255;255;255m▄[0m[38;2;0;0;0m▄[0m
[48;2;0;0;0m[38;2;0;0;0m▄[0m[48;2;222;222;222m[38;2;222;222;222m▄[0m[48;2;0;0;0m[38;2;0;0;0m▄[0m    [38;2;0;0;0m▀[0m[48;2;222;222;222m[38;2;0;0;0m▄[0m[48;2;148;149;139m[38;2;222;222;222m▄[0m[48;2;222;223;219m[38;2;222;223;219m▄[0m[48;2;205;178;148m[38;2;205;178;148m▄[0m[48;2;222;223;219m[38;2;222;222;222m▄[0m[48;2;222;223;219m[38;2;222;222;222m▄[0m[48;2;183;176;156m[38;2;65;64;65m▄[0m[48;2;74;68;57m[38;2;255;255;255m▄[0m[48;2;65;64;65m[38;2;255;255;255m▄[0m[48;2;222;218;172m[38;2;117;117;117m▄[0m[48;2;148;149;139m[38;2;211;199;142m▄[0m[48;2;148;149;139m[38;2;255;238;156m▄[0m[48;2;143;143;127m[38;2;189;188;172m▄[0m[48;2;222;218;180m[38;2;123;121;106m▄[0m[48;2;65;64;65m[38;2;255;255;255m▄[0m[48;2;65;64;65m[38;2;255;255;255m▄[0m[48;2;205;178;148m[38;2;65;64;65m▄[0m[48;2;222;223;219m[38;2;238;238;238m▄[0m[48;2;222;223;219m[38;2;222;223;219m▄[0m[48;2;205;178;148m[38;2;205;178;148m▄[0m[48;2;222;223;219m[38;2;222;223;219m▄[0m[48;2;222;223;219m[38;2;222;223;219m▄[0m[48;2;148;149;139m[38;2;148;149;139m▄[0m[48;2;255;255;255m[38;2;255;255;255m▄[0m[48;2;255;255;255m[38;2;255;255;255m▄[0m[48;2;0;0;0m[38;2;0;0;0m▄[0m      [48;2;0;0;0m[38;2;0;0;0m▄[0m[48;2;255;255;255m[38;2;255;255;255m▄[0m[48;2;0;0;0m[38;2;0;0;0m▄[0m
 [48;2;0;0;0m[38;2;0;0;0m▄[0m[48;2;222;222;222m[38;2;222;222;222m▄[0m[48;2;0;0;0m[38;2;0;0;0m▄[0m    [48;2;0;0;0m[38;2;0;0;0m▄[0m[48;2;222;222;222m[38;2;222;222;222m▄[0m[48;2;222;223;219m[38;2;222;223;219m▄[0m[48;2;205;178;148m[38;2;222;223;219m▄[0m[48;2;222;222;222m[38;2;222;223;219m▄[0m[48;2;65;64;65m[38;2;222;223;219m▄[0m[48;2;255;255;255m[38;2;65;64;65m▄[0m[48;2;255;255;255m[38;2;255;255;255m▄[0m[48;2;255;255;255m[38;2;255;255;255m▄[0m[48;2;255;255;255m[38;2;255;255;255m▄[0m[48;2;123;121;115m[38;2;255;255;255m▄[0m[48;2;123;121;115m[38;2;255;255;255m▄[0m[48;2;123;121;106m[38;2;255;255;255m▄[0m[48;2;255;255;238m[38;2;255;255;255m▄[0m[48;2;255;255;255m[38;2;255;255;255m▄[0m[48;2;255;255;255m[38;2;255;255;255m▄[0m[48;2;238;238;238m[38;2;65;64;65m▄[0m[48;2;65;64;65m[38;2;65;64;65m▄[0m[48;2;222;223;219m[38;2;222;222;222m▄[0m[48;2;205;178;148m[38;2;222;222;222m▄[0m[48;2;222;223;219m[38;2;222;223;219m▄[0m[48;2;222;223;219m[38;2;222;223;219m▄[0m[48;2;148;149;139m[38;2;201;180;148m▄[0m[48;2;255;255;255m[38;2;255;255;255m▄[0m[48;2;255;255;255m[38;2;0;0;0m▄[0m[38;2;0;0;0m▀[0m      [48;2;0;0;0m[38;2;0;0;0m▄[0m[48;2;255;255;255m[38;2;255;255;255m▄[0m[48;2;0;0;0m[38;2;0;0;0m▄[0m
 [48;2;0;0;0m[38;2;0;0;0m▄[0m[48;2;222;222;222m[38;2;222;222;222m▄[0m[48;2;0;0;0m[38;2;0;0;0m▄[0m     [48;2;0;0;0m[38;2;0;0;0m▄[0m[48;2;222;223;219m[38;2;222;222;222m▄[0m[48;2;222;223;219m[38;2;222;222;222m▄[0m[48;2;205;178;148m[38;2;205;178;148m▄[0m[48;2;222;223;219m[38;2;222;223;219m▄[0m[48;2;65;64;65m[38;2;65;64;65m▄[0m[48;2;65;64;65m[38;2;222;222;222m▄[0m[48;2;117;117;117m[38;2;65;64;65m▄[0m[48;2;255;255;255m[38;2;117;117;117m▄[0m[48;2;255;255;255m[38;2;117;117;117m▄[0m[48;2;255;255;255m[38;2;117;117;117m▄[0m[48;2;255;255;255m[38;2;117;117;117m▄[0m[48;2;255;255;255m[38;2;117;117;117m▄[0m[48;2;123;125;123m[38;2;65;64;65m▄[0m[48;2;57;60;57m[38;2;222;222;222m▄[0m[48;2;255;255;255m[38;2;65;64;65m▄[0m[48;2;255;255;255m[38;2;65;64;65m▄[0m[48;2;65;64;65m[38;2;255;255;255m▄[0m[48;2;65;64;65m[38;2;255;255;255m▄[0m[48;2;222;223;219m[38;2;65;64;65m▄[0m[48;2;205;178;148m[38;2;213;194;139m▄[0m[48;2;255;255;255m[38;2;255;255;255m▄[0m[48;2;255;255;255m[38;2;255;255;255m▄[0m[48;2;0;0;0m[38;2;0;0;0m▄[0m       [48;2;0;0;0m[38;2;0;0;0m▄[0m[48;2;255;255;255m[38;2;255;255;255m▄[0m[48;2;0;0;0m[38;2;0;0;0m▄[0m
  [48;2;0;0;0m[38;2;0;0;0m▄[0m[48;2;222;222;222m[38;2;222;222;222m▄[0m[48;2;0;0;0m[38;2;0;0;0m▄[0m     [38;2;0;0;0m▀[0m[48;2;222;222;222m[38;2;0;0;0m▄[0m[48;2;222;223;219m[38;2;222;222;213m▄[0m[48;2;205;178;148m[38;2;74;74;71m▄[0m[48;2;65;64;65m[38;2;164;156;120m▄[0m[48;2;222;222;222m[38;2;65;64;65m▄[0m[48;2;65;64;65m[38;2;255;255;255m▄[0m[48;2;222;222;222m[38;2;117;117;117m▄[0m[48;2;255;255;255m[38;2;117;117;117m▄[0m[48;2;255;255;255m[38;2;117;117;117m▄[0m[48;2;222;222;222m[38;2;117;117;117m▄[0m[48;2;222;222;222m[38;2;117;117;117m▄[0m[48;2;65;64;65m[38;2;222;222;222m▄[0m[48;2;222;222;222m[38;2;65;64;65m▄[0m[48;2;180;172;164m[38;2;65;64;65m▄[0m[48;2;238;226;213m[38;2;65;64;65m▄[0m[48;2;65;60;57m[38;2;255;255;255m▄[0m[48;2;160;157;156m[38;2;255;255;255m▄[0m[48;2;213;194;139m[38;2;65;64;65m▄[0m[48;2;65;64;65m[38;2;222;222;222m▄[0m[48;2;255;255;255m[38;2;255;255;255m▄[0m[48;2;0;0;0m[38;2;0;0;0m▄[0m        [48;2;0;0;0m[38;2;0;0;0m▄[0m[48;2;255;255;255m[38;2;255;255;255m▄[0m[48;2;0;0;0m[38;2;0;0;0m▄[0m
  [38;2;0;0;0m▀[0m[48;2;222;222;222m[38;2;0;0;0m▄[0m[48;2;0;0;0m[38;2;222;222;222m▄[0m[38;2;0;0;0m▄[0m      [48;2;0;0;0m[38;2;8;12;8m▄[0m[48;2;74;74;71m[38;2;255;255;255m▄[0m[48;2;213;202;148m[38;2;65;64;65m▄[0m[48;2;65;64;65m[38;2;222;226;213m▄[0m[48;2;117;117;117m[38;2;65;64;65m▄[0m[48;2;255;255;255m[38;2;65;64;65m▄[0m[48;2;255;255;255m[38;2;65;64;65m▄[0m[48;2;255;255;255m[38;2;65;64;65m▄[0m[48;2;222;222;222m[38;2;65;64;65m▄[0m[48;2;222;222;222m[38;2;65;64;65m▄[0m[48;2;117;117;117m[38;2;65;64;65m▄[0m[48;2;65;64;65m[38;2;222;210;131m▄[0m[48;2;156;157;156m[38;2;222;210;131m▄[0m[48;2;246;250;246m[38;2;65;64;65m▄[0m[48;2;65;64;65m[38;2;222;222;222m▄[0m[48;2;65;64;65m[38;2;222;222;222m▄[0m[48;2;222;222;222m[38;2;222;222;222m▄[0m[48;2;222;222;222m[38;2;0;0;0m▄[0m[38;2;0;0;0m▀[0m        [38;2;0;0;0m▄[0m[48;2;0;0;0m[38;2;255;255;255m▄[0m[48;2;255;255;255m[38;2;0;0;0m▄[0m[38;2;0;0;0m▀[0m
   [38;2;0;0;0m▀[0m[48;2;222;222;222m[38;2;0;0;0m▄[0m[48;2;0;0;0m[38;2;222;210;131m▄[0m[38;2;0;0;0m▄[0m   [38;2;0;0;8m▄[0m[48;2;0;0;0m[38;2;222;210;139m▄[0m[48;2;131;133;131m[38;2;222;218;172m▄[0m[48;2;131;133;131m[38;2;65;64;65m▄[0m[48;2;65;64;65m[38;2;222;223;219m▄[0m[48;2;143;145;139m[38;2;222;223;219m▄[0m[48;2;222;222;222m[38;2;143;145;139m▄[0m[48;2;65;64;65m[38;2;65;64;65m▄[0m[48;2;222;222;222m[38;2;128;130;128m▄[0m[48;2;117;117;117m[38;2;128;130;128m▄[0m[48;2;255;255;255m[38;2;152;155;152m▄[0m[48;2;255;255;255m[38;2;152;155;152m▄[0m[48;2;65;64;65m[38;2;65;64;65m▄[0m[48;2;65;64;65m[38;2;222;222;222m▄[0m[48;2;222;210;131m[38;2;65;64;65m▄[0m[48;2;222;210;131m[38;2;65;64;65m▄[0m[48;2;65;64;65m[38;2;222;222;222m▄[0m[48;2;222;222;222m[38;2;148;149;139m▄[0m[48;2;0;0;0m[38;2;0;0;0m▄[0m          [48;2;0;0;0m[38;2;0;0;0m▄[0m[48;2;255;255;255m[38;2;255;255;255m▄[0m[48;2;0;0;0m[38;2;0;0;0m▄[0m 
    [48;2;0;0;0m[38;2;0;0;0m▄[0m[48;2;222;210;131m[38;2;164;174;106m▄[0m[48;2;0;0;0m[38;2;0;0;0m▄[0m  [38;2;0;0;0m▄[0m[48;2;0;0;8m[38;2;222;222;222m▄[0m[48;2;74;70;52m[38;2;222;222;222m▄[0m[48;2;65;64;65m[38;2;205;178;148m▄[0m[48;2;222;218;172m[38;2;205;178;148m▄[0m[48;2;222;223;219m[38;2;167;160;148m▄[0m[48;2;205;178;148m[38;2;246;238;222m▄[0m[48;2;222;226;213m[38;2;0;0;0m▄[0m[48;2;222;226;213m[38;2;0;0;0m▄[0m[48;2;65;68;65m[38;2;84;83;84m▄[0m[48;2;255;255;255m[38;2;255;250;255m▄[0m[48;2;246;250;246m[38;2;65;64;65m▄[0m[48;2;57;60;57m[38;2;205;186;139m▄[0m[48;2;222;222;222m[38;2;65;64;65m▄[0m[48;2;222;222;222m[38;2;0;0;0m▄[0m[48;2;238;226;213m[38;2;222;222;222m▄[0m[48;2;180;172;164m[38;2;222;222;222m▄[0m[48;2;222;222;222m[38;2;175;164;148m▄[0m[48;2;222;222;222m[38;2;175;164;148m▄[0m[48;2;222;222;222m[38;2;222;223;219m▄[0m[48;2;0;0;0m[38;2;222;223;219m▄[0m[38;2;0;0;0m▄[0m[38;2;0;0;0m▄[0m      [38;2;0;0;0m▄[0m[48;2;0;0;0m[38;2;222;210;131m▄[0m[48;2;255;255;255m[38;2;0;0;0m▄[0m[38;2;0;0;0m▀[0m 
     [38;2;0;0;0m▀[0m    [38;2;0;0;0m▀[0m[38;2;0;0;0m▀[0m[38;2;0;0;0m▀[0m[38;2;0;0;0m▀[0m[38;2;8;4;0m▀[0m[38;2;8;4;0m▀[0m  [48;2;0;0;0m[38;2;0;0;0m▄[0m[48;2;255;250;255m[38;2;222;210;131m▄[0m[48;2;65;64;65m[38;2;68;63;54m▄[0m[48;2;205;186;139m[38;2;205;190;148m▄[0m[48;2;0;0;0m[38;2;0;0;0m▄[0m [38;2;0;0;0m▀[0m[38;2;0;0;0m▀[0m[38;2;16;8;0m▀[0m[48;2;255;242;222m[38;2;0;0;0m▄[0m[48;2;205;178;148m[38;2;0;0;0m▄[0m[48;2;205;178;148m[38;2;0;0;0m▄[0m[48;2;222;222;222m[38;2;0;0;0m▄[0m[48;2;222;222;222m[38;2;0;0;0m▄[0m[38;2;0;0;0m▀[0m     [48;2;0;0;0m[38;2;0;0;0m▄[0m[48;2;222;210;131m[38;2;164;174;106m▄[0m[48;2;0;0;0m[38;2;0;0;0m▄[0m  
                 [48;2;0;0;0m[38;2;0;0;0m▄[0m[48;2;222;210;131m[38;2;0;0;0m▄[0m[38;2;0;0;0m▀[0m[38;2;0;0;8m▀[0m[38;2;0;0;8m▀[0m                 [38;2;0;0;0m▀[0m   