     [38;2;0;0;0m▄[0m[48;2;0;0;0m[38;2;165;174;107m▄[0m[38;2;0;0;0m▄[0m [38;2;0;0;0m▄[0m[38;2;0;0;0m▄[0m[48;2;0;0;0m[38;2;189;239;132m▄[0m[38;2;0;0;0m▄[0m      
    [38;2;0;0;0m▄[0m[48;2;0;0;0m[38;2;79;60;49m▄[0m[48;2;165;174;107m[38;2;164;175;104m▄[0m[48;2;165;174;107m[38;2;164;175;104m▄[0m[48;2;0;0;0m[38;2;66;65;66m▄[0m[48;2;165;174;107m[38;2;189;239;132m▄[0m[48;2;189;239;132m[38;2;198;231;140m▄[0m[48;2;189;239;132m[38;2;0;0;16m▄[0m[38;2;0;0;0m▀[0m      
    [38;2;0;0;0m▀[0m[48;2;159;121;98m[38;2;0;0;0m▄[0m[48;2;66;65;66m[38;2;66;65;66m▄[0m[48;2;164;175;104m[38;2;189;239;132m▄[0m[48;2;189;239;132m[38;2;189;239;132m▄[0m[48;2;189;239;132m[38;2;66;65;66m▄[0m[48;2;66;77;57m[38;2;165;121;90m▄[0m[48;2;66;77;57m[38;2;165;121;90m▄[0m[48;2;0;0;0m[38;2;79;60;49m▄[0m[38;2;0;0;0m▄[0m     
   [38;2;0;0;0m▄[0m[48;2;0;0;0m[38;2;189;239;132m▄[0m[48;2;0;0;0m[38;2;189;239;132m▄[0m[48;2;189;239;132m[38;2;189;239;132m▄[0m[48;2;189;239;132m[38;2;189;239;132m▄[0m[48;2;189;239;132m[38;2;192;237;132m▄[0m[48;2;189;239;132m[38;2;192;237;132m▄[0m[48;2;66;65;66m[38;2;192;237;132m▄[0m[48;2;165;121;90m[38;2;192;237;132m▄[0m[48;2;159;121;98m[38;2;0;0;0m▄[0m[38;2;0;0;0m▀[0m     
[38;2;0;0;0m▄[0m[48;2;0;0;0m[38;2;165;97;66m▄[0m[48;2;0;0;0m[38;2;66;65;66m▄[0m[48;2;165;174;107m[38;2;255;239;132m▄[0m[48;2;160;176;103m[38;2;255;239;132m▄[0m[48;2;189;239;132m[38;2;161;174;104m▄[0m[48;2;160;176;103m[38;2;255;239;132m▄[0m[48;2;189;239;132m[38;2;161;174;104m▄[0m[48;2;192;237;132m[38;2;161;174;104m▄[0m[48;2;192;237;132m[38;2;161;174;104m▄[0m[48;2;192;237;132m[38;2;189;239;132m▄[0m[48;2;192;237;132m[38;2;189;239;132m▄[0m[48;2;189;239;132m[38;2;192;237;132m▄[0m[48;2;0;0;0m[38;2;192;237;132m▄[0m[38;2;0;0;0m▄[0m    
[48;2;0;0;0m[38;2;0;0;0m▄[0m[48;2;110;64;44m[38;2;156;89;66m▄[0m[48;2;255;239;132m[38;2;255;255;255m▄[0m[48;2;66;65;66m[38;2;66;65;66m▄[0m[48;2;255;239;132m[38;2;255;239;132m▄[0m[48;2;255;239;132m[38;2;255;239;132m▄[0m[48;2;255;239;132m[38;2;255;243;173m▄[0m[48;2;161;174;104m[38;2;255;243;173m▄[0m[48;2;255;239;132m[38;2;66;65;66m▄[0m[48;2;255;239;132m[38;2;255;247;189m▄[0m[48;2;160;176;103m[38;2;255;239;132m▄[0m[48;2;189;239;132m[38;2;161;174;104m▄[0m[48;2;192;237;132m[38;2;189;231;132m▄[0m[48;2;192;237;132m[38;2;140;81;57m▄[0m[48;2;0;0;0m[38;2;165;97;66m▄[0m[38;2;0;0;0m▄[0m   
 [48;2;0;0;0m[38;2;0;0;0m▄[0m[48;2;255;255;255m[38;2;255;170;99m▄[0m[48;2;66;65;66m[38;2;255;170;99m▄[0m[48;2;255;135;86m[38;2;255;138;82m▄[0m[48;2;255;135;86m[38;2;255;138;82m▄[0m[48;2;255;243;173m[38;2;255;170;99m▄[0m[48;2;66;65;66m[38;2;66;65;66m▄[0m[48;2;66;65;66m[38;2;255;255;255m▄[0m[48;2;255;247;189m[38;2;255;239;127m▄[0m[48;2;255;239;132m[38;2;255;239;132m▄[0m[48;2;161;174;104m[38;2;161;174;104m▄[0m[48;2;172;181;107m[38;2;123;73;49m▄[0m[48;2;140;81;57m[38;2;156;90;62m▄[0m[48;2;110;64;44m[38;2;156;89;66m▄[0m[48;2;0;0;0m[38;2;0;0;0m▄[0m   
  [38;2;0;0;0m▀[0m[48;2;255;170;99m[38;2;0;0;0m▄[0m[48;2;255;138;82m[38;2;255;138;90m▄[0m[48;2;160;91;61m[38;2;255;138;90m▄[0m[48;2;255;170;99m[38;2;164;175;104m▄[0m[48;2;255;170;99m[38;2;164;175;104m▄[0m[48;2;255;239;127m[38;2;164;175;104m▄[0m[48;2;255;239;127m[38;2;164;175;104m▄[0m[48;2;161;174;104m[38;2;165;178;115m▄[0m[48;2;161;174;104m[38;2;60;62;49m▄[0m[48;2;156;90;62m[38;2;0;0;0m▄[0m[48;2;156;90;62m[38;2;0;0;0m▄[0m[38;2;0;0;0m▀[0m [38;2;0;0;0m▄[0m[38;2;0;0;0m▄[0m 
    [38;2;0;8;16m▀[0m[48;2;85;51;40m[38;2;0;0;0m▄[0m[48;2;66;65;66m[38;2;189;239;132m▄[0m[48;2;164;175;104m[38;2;160;176;103m▄[0m[48;2;164;175;104m[38;2;160;176;103m▄[0m[48;2;66;65;66m[38;2;160;176;103m▄[0m[48;2;60;62;49m[38;2;160;176;103m▄[0m[48;2;8;4;16m[38;2;160;176;103m▄[0m[38;2;0;0;0m▄[0m  [48;2;0;0;0m[38;2;0;0;0m▄[0m[48;2;110;64;44m[38;2;156;90;62m▄[0m[48;2;165;97;66m[38;2;156;90;62m▄[0m[48;2;0;0;0m[38;2;0;0;0m▄[0m
   [38;2;0;0;0m▄[0m[48;2;0;0;0m[38;2;183;72;43m▄[0m[48;2;189;239;132m[38;2;255;138;82m▄[0m[48;2;189;239;132m[38;2;137;162;96m▄[0m[48;2;189;239;132m[38;2;206;243;140m▄[0m[48;2;189;239;132m[38;2;66;65;66m▄[0m[48;2;160;176;103m[38;2;231;170;99m▄[0m[48;2;160;176;103m[38;2;66;65;66m▄[0m[48;2;189;239;132m[38;2;198;235;132m▄[0m[48;2;189;239;132m[38;2;198;231;140m▄[0m[48;2;0;0;0m[38;2;66;77;57m▄[0m[48;2;0;0;0m[38;2;126;72;49m▄[0m[48;2;127;73;49m[38;2;126;72;49m▄[0m[48;2;156;90;62m[38;2;127;73;49m▄[0m[48;2;123;73;49m[38;2;0;0;0m▄[0m[38;2;0;0;0m▀[0m
   [38;2;0;0;0m▀[0m[48;2;255;138;82m[38;2;0;0;0m▄[0m[48;2;255;138;82m[38;2;0;0;0m▄[0m[38;2;0;0;8m▀[0m[48;2;68;81;52m[38;2;0;0;0m▄[0m[48;2;231;170;99m[38;2;255;130;82m▄[0m[48;2;231;170;99m[38;2;170;86;54m▄[0m[48;2;66;65;66m[38;2;0;0;0m▄[0m[48;2;154;178;110m[38;2;0;0;0m▄[0m[48;2;66;77;57m[38;2;0;0;0m▄[0m[38;2;0;0;16m▀[0m[38;2;0;0;0m▀[0m[38;2;0;0;0m▀[0m[38;2;0;0;0m▀[0m  
        [38;2;0;0;0m▀[0m[38;2;0;0;0m▀[0m         