      [38;2;0;4;0m▄[0m[48;2;0;0;0m[38;2;206;105;66m▄[0m[38;2;0;0;0m▄[0m         
     [48;2;0;4;0m[38;2;0;4;0m▄[0m[48;2;206;105;66m[38;2;206;105;66m▄[0m[48;2;206;105;66m[38;2;206;105;66m▄[0m[48;2;0;0;0m[38;2;206;105;66m▄[0m[38;2;0;0;0m▄[0m  [38;2;0;0;0m▄[0m[38;2;0;0;0m▄[0m[48;2;0;0;0m[38;2;206;105;66m▄[0m[48;2;0;0;0m[38;2;206;105;66m▄[0m[48;2;0;0;0m[38;2;206;105;66m▄[0m[48;2;0;0;0m[38;2;0;0;0m▄[0m
    [48;2;0;4;0m[38;2;0;4;0m▄[0m[48;2;210;105;61m[38;2;210;105;61m▄[0m[48;2;210;105;61m[38;2;239;174;107m▄[0m[48;2;206;105;66m[38;2;238;175;110m▄[0m[48;2;206;105;66m[38;2;238;175;110m▄[0m[48;2;0;0;0m[38;2;239;174;107m▄[0m[38;2;0;0;0m▄[0m[48;2;16;0;0m[38;2;255;174;107m▄[0m[48;2;175;116;71m[38;2;255;174;107m▄[0m[48;2;209;105;63m[38;2;209;105;63m▄[0m[48;2;209;105;63m[38;2;209;105;63m▄[0m[48;2;206;105;66m[38;2;206;105;66m▄[0m[48;2;0;4;0m[38;2;0;4;0m▄[0m 
    [48;2;0;4;0m[38;2;0;4;0m▄[0m[48;2;239;174;112m[38;2;255;255;255m▄[0m[48;2;255;255;255m[38;2;255;255;255m▄[0m[48;2;222;190;82m[38;2;222;190;82m▄[0m[48;2;255;255;255m[38;2;255;255;255m▄[0m[48;2;95;95;95m[38;2;95;95;95m▄[0m[48;2;255;255;255m[38;2;255;255;255m▄[0m[48;2;255;255;255m[38;2;233;182;95m▄[0m[48;2;233;182;95m[38;2;255;255;255m▄[0m[48;2;197;182;151m[38;2;255;243;206m▄[0m[48;2;197;182;151m[38;2;82;60;41m▄[0m[48;2;0;4;0m[38;2;66;64;66m▄[0m[38;2;0;4;0m▄[0m 
     [48;2;0;4;0m[38;2;0;4;0m▄[0m[48;2;255;255;255m[38;2;255;255;255m▄[0m[48;2;222;190;82m[38;2;222;190;82m▄[0m[48;2;96;95;98m[38;2;96;95;98m▄[0m[48;2;255;255;255m[38;2;222;190;82m▄[0m[48;2;222;190;82m[38;2;222;190;82m▄[0m[48;2;222;190;82m[38;2;255;255;255m▄[0m[48;2;255;255;255m[38;2;255;255;255m▄[0m[48;2;66;65;66m[38;2;255;255;255m▄[0m[48;2;255;255;255m[38;2;255;255;255m▄[0m[48;2;255;255;255m[38;2;0;4;0m▄[0m[38;2;0;4;0m▀[0m 
      [48;2;0;4;0m[38;2;0;4;0m▄[0m[48;2;255;255;255m[38;2;95;95;95m▄[0m[48;2;255;255;255m[38;2;255;255;255m▄[0m[48;2;222;190;82m[38;2;255;255;255m▄[0m[48;2;255;255;255m[38;2;255;255;255m▄[0m[48;2;255;255;255m[38;2;0;4;0m▄[0m[38;2;0;4;0m▀[0m[38;2;0;4;0m▀[0m[38;2;0;4;0m▀[0m   
    [38;2;0;4;0m▄[0m[48;2;0;4;0m[38;2;255;255;255m▄[0m[48;2;255;255;255m[38;2;255;255;255m▄[0m[48;2;255;255;255m[38;2;255;255;255m▄[0m[48;2;255;255;255m[38;2;255;255;255m▄[0m[48;2;255;255;255m[38;2;255;255;255m▄[0m[48;2;95;95;95m[38;2;255;255;255m▄[0m[48;2;0;4;0m[38;2;255;255;255m▄[0m[38;2;0;4;0m▄[0m[38;2;0;4;0m▄[0m    
   [48;2;0;12;8m[38;2;0;12;8m▄[0m[48;2;68;45;30m[38;2;206;113;74m▄[0m[48;2;225;190;79m[38;2;225;190;79m▄[0m[48;2;225;190;79m[38;2;225;190;79m▄[0m[48;2;255;255;255m[38;2;222;190;82m▄[0m[48;2;255;255;255m[38;2;222;190;82m▄[0m[48;2;160;162;164m[38;2;255;255;255m▄[0m[48;2;255;255;255m[38;2;66;69;74m▄[0m[48;2;255;255;255m[38;2;170;175;172m▄[0m[48;2;170;175;172m[38;2;255;255;255m▄[0m[48;2;247;251;255m[38;2;123;127;127m▄[0m[48;2;0;4;0m[38;2;0;4;0m▄[0m   
   [38;2;0;4;0m▀[0m[48;2;173;174;173m[38;2;0;4;0m▄[0m[48;2;74;73;74m[38;2;164;164;164m▄[0m[48;2;255;255;255m[38;2;164;164;164m▄[0m[48;2;222;190;82m[38;2;255;255;255m▄[0m[48;2;222;190;82m[38;2;255;255;255m▄[0m[48;2;24;0;0m[38;2;198;170;156m▄[0m[48;2;140;113;104m[38;2;198;170;156m▄[0m[48;2;170;175;170m[38;2;170;175;170m▄[0m[48;2;170;175;170m[38;2;66;65;66m▄[0m[48;2;255;255;255m[38;2;0;4;0m▄[0m[48;2;255;255;255m[38;2;0;4;0m▄[0m[38;2;0;4;0m▀[0m  
     [38;2;0;4;0m▀[0m[38;2;0;4;0m▀[0m[48;2;173;174;173m[38;2;0;4;0m▄[0m[48;2;173;174;173m[38;2;173;174;173m▄[0m[48;2;198;170;156m[38;2;107;65;49m▄[0m[48;2;107;65;49m[38;2;152;117;102m▄[0m[48;2;85;83;85m[38;2;255;251;255m▄[0m[48;2;0;0;0m[38;2;255;251;255m▄[0m[38;2;0;4;0m▄[0m[38;2;0;4;0m▄[0m[38;2;0;4;0m▄[0m  
[38;2;0;4;0m▄[0m[48;2;0;4;0m[38;2;206;105;66m▄[0m[48;2;0;4;0m[38;2;137;71;44m▄[0m[48;2;0;4;0m[38;2;206;105;66m▄[0m[38;2;0;4;0m▄[0m [48;2;0;4;0m[38;2;0;4;0m▄[0m[48;2;255;255;255m[38;2;170;175;172m▄[0m[48;2;255;255;255m[38;2;255;255;255m▄[0m[48;2;255;255;255m[38;2;255;255;255m▄[0m[48;2;255;255;255m[38;2;170;175;172m▄[0m[48;2;82;83;82m[38;2;0;0;0m▄[0m[48;2;247;251;247m[38;2;0;0;0m▄[0m[48;2;255;255;255m[38;2;255;255;255m▄[0m[48;2;255;255;255m[38;2;170;175;172m▄[0m[48;2;82;83;82m[38;2;247;251;247m▄[0m[48;2;0;0;0m[38;2;0;0;0m▄[0m 
[38;2;0;4;0m▀[0m[48;2;126;71;49m[38;2;0;4;0m▄[0m[48;2;126;71;49m[38;2;0;4;0m▄[0m[48;2;132;81;33m[38;2;203;194;175m▄[0m[48;2;239;251;247m[38;2;167;137;104m▄[0m[48;2;0;0;0m[38;2;255;251;255m▄[0m[48;2;255;251;255m[38;2;85;83;85m▄[0m[48;2;255;255;255m[38;2;0;4;0m▄[0m[48;2;170;171;170m[38;2;0;4;0m▄[0m[48;2;173;174;173m[38;2;173;174;173m▄[0m[48;2;8;8;0m[38;2;63;63;57m▄[0m[38;2;0;4;0m▄[0m [38;2;0;4;0m▀[0m[38;2;0;4;0m▀[0m[38;2;0;4;0m▀[0m  
   [38;2;0;4;0m▀[0m[48;2;222;190;82m[38;2;0;4;0m▄[0m[48;2;173;174;173m[38;2;0;4;0m▄[0m[38;2;0;4;0m▀[0m [38;2;0;4;0m▄[0m[48;2;16;0;0m[38;2;102;83;78m▄[0m[48;2;189;166;156m[38;2;102;83;78m▄[0m[48;2;82;54;40m[38;2;123;77;57m▄[0m[48;2;0;8;8m[38;2;123;77;57m▄[0m[38;2;0;4;0m▄[0m    
        [38;2;0;4;0m▀[0m[48;2;206;105;66m[38;2;0;4;0m▄[0m[48;2;137;71;44m[38;2;0;4;0m▄[0m[48;2;206;105;66m[38;2;0;4;0m▄[0m[48;2;137;71;44m[38;2;0;4;0m▄[0m[38;2;0;4;0m▀[0m    