        [38;2;0;0;0m▄[0m[38;2;0;0;0m▄[0m[48;2;0;0;0m[38;2;181;150;49m▄[0m[38;2;0;0;0m▄[0m   [38;2;0;0;0m▄[0m[38;2;0;0;0m▄[0m                   
      [38;2;0;0;0m▄[0m[48;2;0;0;0m[38;2;181;150;49m▄[0m[48;2;176;151;49m[38;2;176;151;49m▄[0m[48;2;176;151;49m[38;2;66;65;66m▄[0m[48;2;170;148;62m[38;2;85;74;35m▄[0m[48;2;0;0;8m[38;2;0;0;8m▄[0m[38;2;0;0;0m▄[0m[48;2;0;0;0m[38;2;247;215;82m▄[0m[48;2;0;0;0m[38;2;247;215;82m▄[0m[48;2;247;215;82m[38;2;247;215;82m▄[0m[48;2;247;215;82m[38;2;0;0;0m▄[0m[38;2;0;0;0m▀[0m                  
   [38;2;0;0;0m▄[0m[48;2;8;4;0m[38;2;172;171;142m▄[0m[48;2;8;4;0m[38;2;255;255;214m▄[0m[48;2;247;215;82m[38;2;255;255;255m▄[0m[48;2;247;215;82m[38;2;247;215;82m▄[0m[48;2;247;213;79m[38;2;247;213;79m▄[0m[48;2;247;213;79m[38;2;247;213;79m▄[0m[48;2;177;152;49m[38;2;247;215;82m▄[0m[48;2;247;215;82m[38;2;247;215;82m▄[0m[48;2;247;213;79m[38;2;247;213;79m▄[0m[48;2;247;213;79m[38;2;247;213;79m▄[0m[48;2;239;215;82m[38;2;57;65;74m▄[0m[48;2;57;65;74m[38;2;117;115;76m▄[0m[48;2;0;0;0m[38;2;0;0;0m▄[0m                   
  [38;2;0;0;0m▄[0m[48;2;0;0;0m[38;2;255;255;255m▄[0m[48;2;255;255;255m[38;2;255;255;255m▄[0m[48;2;255;255;255m[38;2;247;215;82m▄[0m[48;2;230;212;85m[38;2;255;243;107m▄[0m[48;2;255;243;107m[38;2;181;150;41m▄[0m[48;2;255;243;115m[38;2;178;151;49m▄[0m[48;2;255;243;115m[38;2;255;243;115m▄[0m[48;2;247;213;79m[38;2;255;243;115m▄[0m[48;2;247;213;79m[38;2;247;213;79m▄[0m[48;2;160;154;78m[38;2;66;65;57m▄[0m[48;2;66;65;57m[38;2;255;243;99m▄[0m[48;2;239;239;132m[38;2;119;119;78m▄[0m[48;2;119;119;78m[38;2;0;0;24m▄[0m[38;2;0;0;0m▀[0m                   
  [48;2;0;0;0m[38;2;0;0;0m▄[0m[48;2;214;215;206m[38;2;214;215;206m▄[0m[48;2;255;255;255m[38;2;255;255;255m▄[0m[48;2;247;215;82m[38;2;255;255;255m▄[0m[48;2;140;134;74m[38;2;255;255;255m▄[0m[48;2;255;255;255m[38;2;140;134;74m▄[0m[48;2;255;255;255m[38;2;255;255;255m▄[0m[48;2;181;150;49m[38;2;181;150;49m▄[0m[48;2;255;243;115m[38;2;255;243;115m▄[0m[48;2;247;213;79m[38;2;247;213;79m▄[0m[48;2;247;215;82m[38;2;247;215;82m▄[0m[48;2;93;115;98m[38;2;247;215;82m▄[0m[48;2;99;109;82m[38;2;247;211;74m▄[0m[48;2;173;160;78m[38;2;247;211;74m▄[0m[48;2;0;0;0m[38;2;247;215;82m▄[0m[38;2;0;0;0m▄[0m                  
[38;2;0;0;0m▄[0m[48;2;0;0;0m[38;2;255;255;255m▄[0m[48;2;255;255;255m[38;2;255;255;255m▄[0m[48;2;255;255;255m[38;2;255;255;255m▄[0m[48;2;255;255;255m[38;2;255;255;255m▄[0m[48;2;255;255;255m[38;2;255;255;255m▄[0m[48;2;0;4;0m[38;2;148;158;148m▄[0m[48;2;98;106;98m[38;2;98;106;98m▄[0m[48;2;255;255;239m[38;2;181;158;41m▄[0m[48;2;181;158;41m[38;2;218;206;140m▄[0m[48;2;255;244;112m[38;2;255;255;255m▄[0m[48;2;255;255;255m[38;2;255;255;255m▄[0m[48;2;247;213;79m[38;2;247;213;79m▄[0m[48;2;247;213;79m[38;2;247;213;79m▄[0m[48;2;247;215;82m[38;2;247;215;82m▄[0m[48;2;177;152;49m[38;2;247;215;82m▄[0m[48;2;0;0;0m[38;2;0;0;0m▄[0m      [38;2;0;0;0m▄[0m[48;2;0;0;0m[38;2;255;243;115m▄[0m[38;2;0;0;0m▄[0m[38;2;0;0;0m▄[0m         
[38;2;0;0;0m▀[0m[48;2;94;115;99m[38;2;0;0;0m▄[0m[48;2;95;114;95m[38;2;95;114;95m▄[0m[48;2;95;114;95m[38;2;255;255;255m▄[0m[48;2;255;255;255m[38;2;255;255;255m▄[0m[48;2;255;255;255m[38;2;255;255;255m▄[0m[48;2;255;255;255m[38;2;255;255;255m▄[0m[48;2;255;255;255m[38;2;255;255;255m▄[0m[48;2;255;255;255m[38;2;255;255;255m▄[0m[48;2;255;255;255m[38;2;214;214;205m▄[0m[48;2;247;247;255m[38;2;244;233;197m▄[0m[48;2;239;207;82m[38;2;247;247;255m▄[0m[48;2;247;213;79m[38;2;247;213;79m▄[0m[48;2;247;213;79m[38;2;247;213;79m▄[0m[48;2;247;213;79m[38;2;247;213;79m▄[0m[48;2;247;213;79m[38;2;247;213;79m▄[0m[48;2;247;215;82m[38;2;247;215;82m▄[0m[48;2;0;0;0m[38;2;247;215;82m▄[0m[48;2;0;0;0m[38;2;247;215;82m▄[0m[38;2;0;0;0m▄[0m[38;2;0;0;0m▄[0m[48;2;0;0;0m[38;2;247;215;82m▄[0m[48;2;0;0;0m[38;2;170;156;66m▄[0m[48;2;255;235;99m[38;2;170;156;66m▄[0m[48;2;177;152;49m[38;2;247;215;82m▄[0m[48;2;177;152;49m[38;2;247;215;82m▄[0m[48;2;247;227;99m[38;2;247;227;99m▄[0m[48;2;0;0;16m[38;2;82;75;43m▄[0m[38;2;0;0;0m▄[0m[38;2;0;0;0m▄[0m      
  [38;2;0;0;0m▀[0m[48;2;255;255;255m[38;2;0;0;0m▄[0m[48;2;255;255;255m[38;2;0;0;0m▄[0m[48;2;255;255;255m[38;2;0;0;0m▄[0m[38;2;0;0;0m▀[0m[38;2;0;0;0m▀[0m[38;2;0;0;0m▀[0m[48;2;214;215;206m[38;2;0;0;0m▄[0m[48;2;214;214;205m[38;2;214;214;205m▄[0m[48;2;255;255;255m[38;2;255;255;255m▄[0m[48;2;255;255;255m[38;2;255;255;255m▄[0m[48;2;255;255;255m[38;2;247;215;82m▄[0m[48;2;247;213;79m[38;2;247;213;79m▄[0m[48;2;247;213;79m[38;2;247;213;79m▄[0m[48;2;247;213;79m[38;2;247;213;79m▄[0m[48;2;247;213;79m[38;2;247;213;79m▄[0m[48;2;247;213;79m[38;2;247;213;79m▄[0m[48;2;247;213;79m[38;2;247;213;79m▄[0m[48;2;247;213;79m[38;2;247;213;79m▄[0m[48;2;247;213;79m[38;2;247;213;79m▄[0m[48;2;247;215;82m[38;2;247;215;82m▄[0m[48;2;247;215;82m[38;2;66;65;66m▄[0m[48;2;239;215;82m[38;2;57;65;74m▄[0m[48;2;57;65;74m[38;2;117;115;76m▄[0m[48;2;66;65;66m[38;2;94;115;99m▄[0m[48;2;94;115;99m[38;2;94;115;99m▄[0m[48;2;99;113;99m[38;2;66;75;66m▄[0m[48;2;99;113;99m[38;2;0;0;0m▄[0m[38;2;0;0;0m▀[0m     
         [38;2;0;0;0m▀[0m[48;2;231;227;222m[38;2;0;0;0m▄[0m[48;2;231;227;222m[38;2;231;227;222m▄[0m[48;2;239;243;255m[38;2;241;232;197m▄[0m[48;2;247;211;82m[38;2;247;211;82m▄[0m[48;2;247;215;82m[38;2;247;215;82m▄[0m[48;2;247;215;82m[38;2;66;65;66m▄[0m[48;2;66;65;66m[38;2;94;115;99m▄[0m[48;2;66;65;66m[38;2;94;115;99m▄[0m[48;2;57;65;74m[38;2;117;115;76m▄[0m[48;2;239;215;82m[38;2;57;65;74m▄[0m[48;2;239;215;82m[38;2;57;65;74m▄[0m[48;2;57;65;74m[38;2;117;115;76m▄[0m[48;2;66;65;66m[38;2;94;115;99m▄[0m[48;2;94;115;99m[38;2;94;115;99m▄[0m[48;2;93;115;98m[38;2;93;115;98m▄[0m[48;2;93;115;98m[38;2;93;115;98m▄[0m[48;2;93;116;98m[38;2;93;116;98m▄[0m[48;2;71;90;73m[38;2;93;116;98m▄[0m[48;2;99;113;99m[38;2;66;75;66m▄[0m[48;2;99;113;99m[38;2;0;0;0m▄[0m[38;2;0;0;0m▀[0m     
          [48;2;0;0;8m[38;2;0;0;8m▄[0m[48;2;170;148;62m[38;2;85;74;35m▄[0m[48;2;214;215;206m[38;2;181;150;49m▄[0m[48;2;181;150;49m[38;2;181;150;49m▄[0m[48;2;66;65;66m[38;2;66;65;66m▄[0m[48;2;94;115;99m[38;2;94;115;99m▄[0m[48;2;93;115;98m[38;2;93;115;98m▄[0m[48;2;93;115;98m[38;2;93;115;98m▄[0m[48;2;94;115;99m[38;2;94;115;99m▄[0m[48;2;94;115;99m[38;2;66;65;66m▄[0m[48;2;94;115;99m[38;2;94;115;99m▄[0m[48;2;94;115;99m[38;2;66;65;66m▄[0m[48;2;66;78;66m[38;2;66;78;66m▄[0m[48;2;99;117;99m[38;2;0;0;0m▄[0m[48;2;93;115;98m[38;2;93;115;98m▄[0m[48;2;93;115;98m[38;2;93;115;98m▄[0m[48;2;99;113;99m[38;2;99;113;99m▄[0m[48;2;66;75;66m[38;2;0;0;0m▄[0m[38;2;0;0;0m▀[0m[48;2;181;150;49m[38;2;0;0;0m▄[0m[48;2;0;0;0m[38;2;181;150;49m▄[0m[38;2;0;0;0m▄[0m[38;2;0;0;0m▄[0m   
           [48;2;0;0;0m[38;2;0;0;0m▄[0m[48;2;66;73;66m[38;2;66;73;66m▄[0m[48;2;181;150;49m[38;2;66;73;66m▄[0m[48;2;66;69;66m[38;2;66;69;66m▄[0m[48;2;90;117;99m[38;2;74;85;77m▄[0m[48;2;93;115;98m[38;2;93;115;98m▄[0m[48;2;93;115;98m[38;2;93;115;98m▄[0m[48;2;94;115;99m[38;2;0;0;0m▄[0m[38;2;0;0;0m▀[0m[38;2;0;0;0m▀[0m[48;2;70;89;74m[38;2;0;0;0m▄[0m[48;2;70;89;74m[38;2;70;89;74m▄[0m[48;2;0;0;0m[38;2;70;89;74m▄[0m[48;2;94;115;99m[38;2;0;0;0m▄[0m[48;2;94;115;99m[38;2;94;115;99m▄[0m[48;2;94;115;99m[38;2;94;115;99m▄[0m[48;2;0;0;0m[38;2;94;115;99m▄[0m[38;2;0;0;0m▄[0m [38;2;0;0;0m▀[0m[48;2;181;150;49m[38;2;0;0;0m▄[0m[48;2;181;150;49m[38;2;0;0;0m▄[0m[48;2;0;0;0m[38;2;181;150;49m▄[0m[48;2;0;0;0m[38;2;181;150;49m▄[0m[38;2;0;0;0m▄[0m
           [48;2;0;0;0m[38;2;0;0;0m▄[0m[48;2;181;150;49m[38;2;148;148;148m▄[0m[48;2;181;150;49m[38;2;148;148;148m▄[0m[48;2;0;0;0m[38;2;0;0;0m▄[0m[48;2;66;64;66m[38;2;66;64;66m▄[0m[48;2;93;115;98m[38;2;247;215;82m▄[0m[48;2;93;115;98m[38;2;247;215;82m▄[0m[48;2;0;0;0m[38;2;0;0;0m▄[0m  [48;2;0;0;0m[38;2;0;0;0m▄[0m[48;2;85;81;35m[38;2;170;158;62m▄[0m[48;2;0;4;8m[38;2;0;4;8m▄[0m [38;2;0;0;0m▀[0m[48;2;99;117;99m[38;2;0;4;0m▄[0m[48;2;99;117;99m[38;2;66;79;66m▄[0m[48;2;0;0;0m[38;2;0;0;0m▄[0m    [38;2;0;0;0m▀[0m[38;2;0;0;0m▀[0m 
          [38;2;0;0;0m▄[0m[48;2;0;0;0m[38;2;148;150;148m▄[0m[48;2;148;148;148m[38;2;148;148;148m▄[0m[48;2;0;0;0m[38;2;0;0;0m▄[0m [48;2;0;0;0m[38;2;0;0;0m▄[0m[48;2;172;171;142m[38;2;255;255;214m▄[0m[48;2;8;4;0m[38;2;8;4;0m▄[0m  [38;2;0;0;0m▀[0m[48;2;181;150;49m[38;2;0;0;0m▄[0m[48;2;181;150;49m[38;2;0;0;0m▄[0m[38;2;0;0;0m▀[0m [38;2;0;0;0m▄[0m[48;2;8;4;0m[38;2;172;147;49m▄[0m[48;2;255;219;74m[38;2;172;147;49m▄[0m[48;2;0;0;0m[38;2;0;0;0m▄[0m       
         [38;2;0;0;0m▀[0m[48;2;148;148;148m[38;2;0;0;0m▄[0m[48;2;148;148;148m[38;2;0;0;0m▄[0m[38;2;0;0;0m▀[0m[38;2;0;0;0m▄[0m[48;2;8;8;8m[38;2;255;255;255m▄[0m[48;2;255;255;255m[38;2;131;131;131m▄[0m[48;2;255;255;255m[38;2;255;255;255m▄[0m[48;2;0;0;0m[38;2;0;0;0m▄[0m        [38;2;0;0;0m▀[0m[38;2;0;0;0m▀[0m        
              [38;2;0;0;0m▀[0m[38;2;0;0;0m▀[0m[38;2;0;0;0m▀[0m                   