       [38;2;0;0;0m▄[0m[48;2;0;0;0m[38;2;189;219;239m▄[0m[48;2;0;0;0m[38;2;189;219;239m▄[0m[38;2;0;0;0m▄[0m        
       [48;2;0;0;0m[38;2;0;0;0m▄[0m[48;2;189;219;239m[38;2;189;219;239m▄[0m[48;2;186;217;236m[38;2;186;217;236m▄[0m[48;2;186;217;236m[38;2;186;217;236m▄[0m[48;2;0;0;0m[38;2;0;0;0m▄[0m       
        [38;2;0;0;0m▀[0m[48;2;148;152;172m[38;2;16;4;8m▄[0m[48;2;214;227;255m[38;2;148;152;172m▄[0m[48;2;0;0;0m[38;2;0;0;0m▄[0m       
        [38;2;0;0;0m▄[0m[48;2;0;0;0m[38;2;247;219;222m▄[0m[48;2;247;219;222m[38;2;247;219;222m▄[0m[48;2;247;199;206m[38;2;247;199;206m▄[0m[48;2;0;0;0m[38;2;0;0;0m▄[0m      
     [38;2;0;0;0m▄[0m[38;2;0;0;0m▄[0m[48;2;0;0;0m[38;2;79;66;68m▄[0m[48;2;239;199;206m[38;2;79;66;68m▄[0m[48;2;247;200;205m[38;2;247;200;205m▄[0m[48;2;247;200;205m[38;2;247;200;205m▄[0m[48;2;247;199;206m[38;2;249;217;222m▄[0m[48;2;247;199;206m[38;2;255;255;255m▄[0m[48;2;0;0;0m[38;2;0;0;0m▄[0m     
  [38;2;0;0;0m▄[0m[48;2;0;0;0m[38;2;189;219;239m▄[0m[48;2;0;0;0m[38;2;189;219;239m▄[0m[48;2;186;217;236m[38;2;186;217;236m▄[0m[48;2;186;217;236m[38;2;186;217;236m▄[0m[48;2;186;217;236m[38;2;186;217;236m▄[0m[48;2;186;217;236m[38;2;186;217;236m▄[0m[48;2;66;65;66m[38;2;189;219;239m▄[0m[48;2;66;65;66m[38;2;189;219;239m▄[0m[48;2;255;243;247m[38;2;66;65;66m▄[0m[48;2;255;243;247m[38;2;255;243;247m▄[0m[48;2;0;0;0m[38;2;247;199;206m▄[0m[38;2;0;0;0m▄[0m    
 [48;2;0;0;0m[38;2;0;0;0m▄[0m[48;2;189;219;239m[38;2;189;219;239m▄[0m[48;2;184;217;236m[38;2;184;217;236m▄[0m[48;2;184;217;236m[38;2;140;166;198m▄[0m[48;2;186;217;236m[38;2;186;217;236m▄[0m[48;2;186;217;236m[38;2;186;217;236m▄[0m[48;2;184;217;236m[38;2;140;166;198m▄[0m[48;2;184;217;236m[38;2;184;217;236m▄[0m[48;2;189;219;239m[38;2;189;219;239m▄[0m[48;2;189;219;239m[38;2;66;65;66m▄[0m[48;2;189;219;239m[38;2;189;219;239m▄[0m[48;2;66;65;66m[38;2;66;65;66m▄[0m[48;2;206;154;173m[38;2;206;154;173m▄[0m[48;2;0;0;0m[38;2;0;0;0m▄[0m    
[48;2;0;0;0m[38;2;0;0;0m▄[0m[48;2;139;164;195m[38;2;139;164;195m▄[0m[48;2;139;164;195m[38;2;139;164;195m▄[0m[48;2;142;165;189m[38;2;66;65;74m▄[0m[48;2;181;215;247m[38;2;142;165;189m▄[0m[48;2;181;215;247m[38;2;142;165;189m▄[0m[48;2;142;165;189m[38;2;66;65;74m▄[0m[48;2;189;219;239m[38;2;139;165;195m▄[0m[48;2;189;219;239m[38;2;139;165;195m▄[0m[48;2;66;65;66m[38;2;66;65;66m▄[0m[48;2;181;215;247m[38;2;142;165;186m▄[0m[48;2;66;65;66m[38;2;66;65;66m▄[0m[48;2;140;166;198m[38;2;140;166;198m▄[0m[48;2;66;65;66m[38;2;0;0;0m▄[0m[38;2;0;0;0m▀[0m    
 [38;2;0;0;0m▀[0m[48;2;66;65;66m[38;2;0;0;0m▄[0m[48;2;160;132;136m[38;2;247;199;206m▄[0m[48;2;74;65;66m[38;2;247;199;206m▄[0m[48;2;66;65;66m[38;2;247;199;206m▄[0m[48;2;66;65;66m[38;2;247;199;206m▄[0m[48;2;140;166;198m[38;2;66;65;66m▄[0m[48;2;140;166;198m[38;2;66;65;66m▄[0m[48;2;140;166;198m[38;2;66;65;66m▄[0m[48;2;140;166;198m[38;2;66;65;66m▄[0m[48;2;66;65;66m[38;2;140;166;198m▄[0m[48;2;140;166;198m[38;2;140;166;198m▄[0m[48;2;140;166;198m[38;2;140;166;198m▄[0m[48;2;0;0;0m[38;2;0;0;0m▄[0m    
[38;2;0;0;0m▄[0m[48;2;0;0;0m[38;2;140;166;198m▄[0m[48;2;140;166;198m[38;2;140;166;198m▄[0m[48;2;66;65;66m[38;2;66;65;66m▄[0m[48;2;247;199;206m[38;2;66;65;66m▄[0m[48;2;160;132;136m[38;2;66;65;66m▄[0m[48;2;255;199;206m[38;2;66;65;66m▄[0m[48;2;247;199;206m[38;2;66;65;66m▄[0m[48;2;247;199;206m[38;2;66;65;66m▄[0m[48;2;206;154;173m[38;2;0;0;0m▄[0m[38;2;0;0;0m▀[0m[48;2;140;166;198m[38;2;0;0;0m▄[0m[48;2;140;166;198m[38;2;140;166;198m▄[0m[48;2;139;165;195m[38;2;189;219;239m▄[0m[48;2;139;165;195m[38;2;189;219;239m▄[0m[48;2;0;0;0m[38;2;189;219;239m▄[0m[48;2;0;0;0m[38;2;189;219;239m▄[0m[38;2;0;0;0m▄[0m 
 [38;2;0;0;0m▀[0m[38;2;0;0;0m▀[0m[38;2;0;0;0m▀[0m[48;2;206;154;173m[38;2;0;0;0m▄[0m[48;2;206;158;173m[38;2;0;4;0m▄[0m[48;2;68;55;57m[38;2;0;4;0m▄[0m[48;2;74;65;66m[38;2;247;199;206m▄[0m[48;2;189;154;159m[38;2;247;199;206m▄[0m[48;2;206;154;173m[38;2;0;0;0m▄[0m[38;2;0;0;0m▀[0m [38;2;0;0;0m▀[0m[38;2;0;0;0m▀[0m[48;2;189;219;239m[38;2;0;0;0m▄[0m[48;2;189;219;239m[38;2;0;0;0m▄[0m[48;2;189;219;239m[38;2;0;0;0m▄[0m[48;2;189;219;239m[38;2;0;0;0m▄[0m[38;2;0;0;0m▀[0m
       [38;2;0;0;0m▀[0m[38;2;0;0;0m▀[0m          