         [38;2;0;0;0m▄[0m[48;2;0;0;0m[38;2;214;207;239m▄[0m[38;2;0;0;0m▄[0m         [38;2;0;0;0m▄[0m          
        [38;2;0;0;0m▄[0m[48;2;0;0;0m[38;2;214;207;239m▄[0m[48;2;214;207;239m[38;2;214;207;239m▄[0m[48;2;0;0;0m[38;2;0;0;0m▄[0m        [48;2;0;0;0m[38;2;0;0;0m▄[0m[48;2;214;207;239m[38;2;206;199;239m▄[0m[48;2;0;0;0m[38;2;0;0;8m▄[0m         
        [48;2;0;0;0m[38;2;0;0;0m▄[0m[48;2;214;207;239m[38;2;214;207;231m▄[0m[48;2;123;111;177m[38;2;123;109;173m▄[0m[48;2;214;207;239m[38;2;66;65;66m▄[0m[48;2;0;0;0m[38;2;214;207;239m▄[0m[48;2;0;0;0m[38;2;214;207;239m▄[0m[38;2;0;0;0m▄[0m    [48;2;0;0;0m[38;2;0;0;0m▄[0m[48;2;214;207;239m[38;2;214;207;239m▄[0m[48;2;206;199;239m[38;2;123;111;177m▄[0m[48;2;137;132;162m[38;2;214;207;239m▄[0m[48;2;0;0;0m[38;2;214;207;239m▄[0m[38;2;0;0;0m▄[0m       
        [48;2;0;0;0m[38;2;0;0;0m▄[0m[48;2;183;174;211m[38;2;181;174;206m▄[0m[48;2;123;109;173m[38;2;181;174;206m▄[0m[48;2;66;65;66m[38;2;66;65;66m▄[0m[48;2;214;207;239m[38;2;181;174;206m▄[0m[48;2;214;207;239m[38;2;214;206;236m▄[0m[48;2;0;0;0m[38;2;214;206;236m▄[0m[38;2;0;0;0m▄[0m  [48;2;0;0;0m[38;2;0;0;0m▄[0m[48;2;214;207;239m[38;2;214;206;236m▄[0m[48;2;214;207;239m[38;2;214;206;236m▄[0m[48;2;214;207;239m[38;2;181;174;206m▄[0m[48;2;214;207;239m[38;2;0;0;0m▄[0m[38;2;0;0;0m▀[0m        
         [48;2;0;0;0m[38;2;0;0;0m▄[0m[48;2;181;174;206m[38;2;181;174;206m▄[0m[48;2;181;174;206m[38;2;123;113;145m▄[0m[48;2;66;65;66m[38;2;74;65;90m▄[0m[48;2;214;206;236m[38;2;214;207;239m▄[0m[48;2;214;206;236m[38;2;214;207;239m▄[0m[48;2;123;109;173m[38;2;181;174;210m▄[0m[48;2;0;0;0m[38;2;214;207;239m▄[0m[48;2;0;0;0m[38;2;214;206;236m▄[0m[48;2;214;207;239m[38;2;214;206;236m▄[0m[48;2;214;206;236m[38;2;183;174;211m▄[0m[48;2;214;206;236m[38;2;214;207;231m▄[0m[48;2;0;0;0m[38;2;120;113;156m▄[0m[38;2;0;0;8m▄[0m[48;2;0;0;0m[38;2;181;174;206m▄[0m[48;2;0;0;0m[38;2;181;174;206m▄[0m[38;2;0;0;0m▄[0m      
   [48;2;0;0;0m[38;2;0;0;8m▄[0m[48;2;0;0;0m[38;2;181;170;214m▄[0m[38;2;0;0;0m▄[0m [38;2;0;0;0m▄[0m [38;2;0;0;8m▄[0m[48;2;0;0;0m[38;2;198;186;231m▄[0m[48;2;172;162;200m[38;2;123;109;173m▄[0m[48;2;222;211;255m[38;2;211;206;227m▄[0m[48;2;181;174;210m[38;2;255;255;255m▄[0m[48;2;214;207;239m[38;2;255;255;255m▄[0m[48;2;214;207;239m[38;2;255;255;255m▄[0m[48;2;214;207;239m[38;2;123;111;173m▄[0m[48;2;214;206;236m[38;2;178;170;211m▄[0m[48;2;214;206;236m[38;2;216;210;233m▄[0m[48;2;214;207;231m[38;2;214;207;239m▄[0m[48;2;123;109;173m[38;2;214;207;239m▄[0m[48;2;120;113;156m[38;2;206;199;239m▄[0m[48;2;181;170;231m[38;2;137;132;162m▄[0m[48;2;181;174;206m[38;2;0;0;0m▄[0m[38;2;0;0;0m▀[0m       
[38;2;0;0;0m▄[0m[48;2;0;0;0m[38;2;181;174;206m▄[0m[48;2;0;0;0m[38;2;181;174;206m▄[0m[48;2;120;113;145m[38;2;181;170;214m▄[0m[48;2;181;170;214m[38;2;120;113;145m▄[0m[48;2;123;109;173m[38;2;181;172;210m▄[0m[48;2;0;0;0m[38;2;123;109;173m▄[0m[48;2;181;174;206m[38;2;183;174;211m▄[0m[48;2;0;0;0m[38;2;123;109;173m▄[0m[48;2;198;186;231m[38;2;211;206;227m▄[0m[48;2;132;124;156m[38;2;255;255;255m▄[0m[48;2;255;255;255m[38;2;123;111;173m▄[0m[48;2;123;109;173m[38;2;123;111;173m▄[0m[48;2;255;255;255m[38;2;123;111;173m▄[0m[48;2;255;255;255m[38;2;255;255;255m▄[0m[48;2;255;255;255m[38;2;255;255;255m▄[0m[48;2;123;111;173m[38;2;255;255;255m▄[0m[48;2;255;251;255m[38;2;123;111;173m▄[0m[48;2;178;170;211m[38;2;123;111;173m▄[0m[48;2;123;111;177m[38;2;123;109;181m▄[0m[48;2;214;207;239m[38;2;211;206;230m▄[0m[48;2;206;199;239m[38;2;222;211;255m▄[0m[48;2;0;0;8m[38;2;123;113;145m▄[0m[38;2;0;0;8m▄[0m[48;2;0;0;0m[38;2;206;199;239m▄[0m[38;2;0;0;0m▄[0m[48;2;0;0;0m[38;2;214;207;239m▄[0m[48;2;0;0;0m[38;2;214;207;239m▄[0m[38;2;0;0;0m▄[0m   
 [38;2;0;0;0m▀[0m[38;2;0;0;0m▀[0m[38;2;0;0;8m▀[0m[48;2;181;170;214m[38;2;0;0;0m▄[0m[48;2;181;172;210m[38;2;120;113;145m▄[0m[48;2;181;172;210m[38;2;181;170;214m▄[0m[48;2;183;174;211m[38;2;183;174;211m▄[0m[48;2;214;207;231m[38;2;214;207;231m▄[0m[48;2;123;109;173m[38;2;148;105;148m▄[0m[48;2;123;109;173m[38;2;255;251;247m▄[0m[48;2;255;255;255m[38;2;255;129;177m▄[0m[48;2;255;255;255m[38;2;255;255;255m▄[0m[48;2;255;255;255m[38;2;255;255;255m▄[0m[48;2;123;111;173m[38;2;255;255;255m▄[0m[48;2;123;111;173m[38;2;255;251;255m▄[0m[48;2;123;111;173m[38;2;165;97;165m▄[0m[48;2;255;255;255m[38;2;255;255;255m▄[0m[48;2;255;255;255m[38;2;255;255;255m▄[0m[48;2;255;255;255m[38;2;255;255;255m▄[0m[48;2;211;206;230m[38;2;255;255;255m▄[0m[48;2;172;162;200m[38;2;214;207;239m▄[0m[48;2;74;65;90m[38;2;214;207;239m▄[0m[48;2;206;199;239m[38;2;214;207;239m▄[0m[48;2;137;132;162m[38;2;181;174;210m▄[0m[48;2;214;207;239m[38;2;214;207;239m▄[0m[48;2;214;207;239m[38;2;181;174;210m▄[0m[48;2;0;0;0m[38;2;137;132;162m▄[0m[38;2;0;0;8m▄[0m[38;2;0;0;0m▄[0m  
   [48;2;0;0;0m[38;2;0;0;0m▄[0m[48;2;181;174;206m[38;2;181;174;206m▄[0m[48;2;181;170;214m[38;2;0;0;0m▄[0m[38;2;0;0;8m▀[0m[48;2;183;174;211m[38;2;0;0;0m▄[0m[48;2;123;109;173m[38;2;123;109;173m▄[0m[48;2;183;153;181m[38;2;167;160;178m▄[0m[48;2;183;153;181m[38;2;255;255;239m▄[0m[48;2;255;255;255m[38;2;197;175;186m▄[0m[48;2;255;255;255m[38;2;255;239;247m▄[0m[48;2;255;255;255m[38;2;255;255;255m▄[0m[48;2;255;255;255m[38;2;255;129;177m▄[0m[48;2;195;148;195m[38;2;255;255;255m▄[0m[48;2;255;251;255m[38;2;255;129;177m▄[0m[48;2;123;111;173m[38;2;255;255;247m▄[0m[48;2;123;111;173m[38;2;123;113;165m▄[0m[48;2;255;255;255m[38;2;255;255;255m▄[0m[48;2;255;255;255m[38;2;255;255;255m▄[0m[48;2;181;174;210m[38;2;206;199;239m▄[0m[48;2;214;207;239m[38;2;137;132;162m▄[0m[48;2;214;207;239m[38;2;120;113;145m▄[0m[48;2;214;207;239m[38;2;181;170;214m▄[0m[48;2;181;174;210m[38;2;214;207;231m▄[0m[48;2;214;207;239m[38;2;214;207;231m▄[0m[48;2;206;199;239m[38;2;123;109;173m▄[0m[48;2;206;199;239m[38;2;0;0;0m▄[0m[48;2;214;207;239m[38;2;214;207;239m▄[0m[48;2;0;0;0m[38;2;214;207;239m▄[0m[38;2;0;0;0m▄[0m
    [38;2;0;0;0m▀[0m   [48;2;0;0;0m[38;2;0;0;0m▄[0m[48;2;123;113;148m[38;2;206;199;239m▄[0m[48;2;167;160;178m[38;2;137;132;162m▄[0m[48;2;255;239;247m[38;2;66;52;99m▄[0m[48;2;82;48;66m[38;2;255;251;255m▄[0m[48;2;255;255;255m[38;2;66;52;99m▄[0m[48;2;255;255;255m[38;2;255;251;255m▄[0m[48;2;255;129;177m[38;2;255;255;247m▄[0m[48;2;255;255;255m[38;2;167;160;186m▄[0m[48;2;167;160;192m[38;2;255;255;255m▄[0m[48;2;123;113;165m[38;2;123;111;173m▄[0m[48;2;255;255;255m[38;2;255;255;255m▄[0m[48;2;255;255;255m[38;2;214;206;236m▄[0m[48;2;206;199;239m[38;2;0;0;0m▄[0m[38;2;0;0;8m▀[0m[48;2;181;170;214m[38;2;0;0;0m▄[0m[38;2;0;0;8m▀[0m[48;2;123;109;173m[38;2;0;0;0m▄[0m[48;2;183;174;211m[38;2;181;174;206m▄[0m[48;2;0;0;0m[38;2;181;174;206m▄[0m[38;2;0;0;0m▄[0m[38;2;0;0;0m▀[0m[38;2;0;0;0m▀[0m 
         [38;2;0;0;8m▀[0m[48;2;206;199;239m[38;2;0;0;0m▄[0m[48;2;129;118;151m[38;2;211;206;230m▄[0m[48;2;129;118;151m[38;2;255;255;255m▄[0m[48;2;129;118;151m[38;2;255;255;255m▄[0m[48;2;129;118;151m[38;2;255;255;255m▄[0m[48;2;123;113;156m[38;2;255;255;255m▄[0m[48;2;255;255;247m[38;2;123;109;181m▄[0m[48;2;123;111;173m[38;2;255;251;255m▄[0m[48;2;255;255;255m[38;2;178;170;211m▄[0m[48;2;214;206;236m[38;2;214;207;239m▄[0m[48;2;214;206;236m[38;2;0;0;0m▄[0m[38;2;0;0;0m▀[0m    [38;2;0;0;0m▀[0m[38;2;0;0;0m▀[0m    
         [38;2;0;0;0m▀[0m[48;2;214;207;239m[38;2;0;0;0m▄[0m[48;2;211;206;230m[38;2;0;0;0m▄[0m[48;2;123;109;181m[38;2;66;65;66m▄[0m[48;2;178;171;211m[38;2;181;172;210m▄[0m[48;2;216;213;233m[38;2;181;172;210m▄[0m[48;2;211;206;230m[38;2;181;172;210m▄[0m[48;2;211;206;230m[38;2;123;109;173m▄[0m[48;2;216;210;233m[38;2;214;207;239m▄[0m[48;2;216;210;233m[38;2;214;207;239m▄[0m[48;2;0;0;0m[38;2;120;114;148m▄[0m[38;2;0;4;0m▄[0m           
           [38;2;0;0;0m▄[0m[48;2;0;0;0m[38;2;255;251;247m▄[0m[48;2;123;109;173m[38;2;66;65;66m▄[0m[48;2;181;172;210m[38;2;66;65;66m▄[0m[48;2;181;172;210m[38;2;181;174;206m▄[0m[48;2;181;172;210m[38;2;181;174;206m▄[0m[48;2;123;111;177m[38;2;181;174;206m▄[0m[48;2;123;111;177m[38;2;181;174;206m▄[0m[48;2;181;170;222m[38;2;66;65;66m▄[0m[48;2;60;59;74m[38;2;255;255;255m▄[0m[48;2;0;0;0m[38;2;255;251;247m▄[0m[38;2;0;0;0m▄[0m         
           [48;2;0;0;0m[38;2;0;0;0m▄[0m[48;2;170;167;164m[38;2;66;65;66m▄[0m[48;2;255;255;255m[38;2;161;160;151m▄[0m[48;2;255;255;255m[38;2;255;255;255m▄[0m[48;2;66;65;66m[38;2;255;255;255m▄[0m[48;2;66;65;66m[38;2;255;255;255m▄[0m[48;2;66;65;66m[38;2;255;255;255m▄[0m[48;2;66;65;66m[38;2;255;255;255m▄[0m[48;2;255;255;255m[38;2;66;65;66m▄[0m[48;2;255;255;255m[38;2;66;65;66m▄[0m[48;2;170;167;164m[38;2;165;166;156m▄[0m[48;2;0;0;0m[38;2;0;0;0m▄[0m         
            [48;2;0;0;0m[38;2;0;0;0m▄[0m[48;2;115;113;99m[38;2;71;70;66m▄[0m[48;2;161;160;151m[38;2;107;105;99m▄[0m[48;2;168;166;152m[38;2;164;164;154m▄[0m[48;2;168;166;152m[38;2;164;164;154m▄[0m[48;2;160;162;160m[38;2;165;166;156m▄[0m[48;2;66;69;66m[38;2;110;112;106m▄[0m[48;2;110;108;104m[38;2;115;113;106m▄[0m[48;2;110;108;104m[38;2;65;64;65m▄[0m[48;2;0;0;0m[38;2;0;0;0m▄[0m          
             [38;2;0;0;0m▀[0m[38;2;0;0;0m▀[0m[38;2;0;0;0m▀[0m[38;2;0;0;0m▀[0m[38;2;0;4;8m▀[0m[48;2;55;58;57m[38;2;0;0;0m▄[0m[48;2;65;64;65m[38;2;0;0;0m▄[0m[48;2;165;162;148m[38;2;0;0;0m▄[0m[38;2;0;0;0m▀[0m          