   [38;2;0;4;0m▄[0m[48;2;0;4;0m[38;2;93;88;137m▄[0m[48;2;0;4;0m[38;2;93;88;137m▄[0m[38;2;0;4;0m▄[0m                          
  [48;2;0;4;0m[38;2;0;4;0m▄[0m[48;2;93;88;137m[38;2;93;88;137m▄[0m[48;2;93;88;137m[38;2;93;88;137m▄[0m[48;2;93;88;137m[38;2;93;88;137m▄[0m[48;2;0;4;0m[38;2;0;4;0m▄[0m    [38;2;0;4;0m▄[0m[38;2;0;4;0m▄[0m[48;2;0;4;0m[38;2;115;109;156m▄[0m[48;2;0;4;0m[38;2;115;109;156m▄[0m[48;2;0;4;0m[38;2;115;109;156m▄[0m[38;2;0;4;0m▄[0m[38;2;0;4;0m▄[0m[38;2;0;4;0m▄[0m      [38;2;0;4;0m▄[0m[48;2;0;4;0m[38;2;115;109;156m▄[0m[48;2;0;4;0m[38;2;115;109;156m▄[0m[38;2;0;4;0m▄[0m[38;2;0;4;0m▄[0m   
 [48;2;0;4;0m[38;2;0;4;0m▄[0m[48;2;93;88;137m[38;2;93;88;137m▄[0m[48;2;93;88;137m[38;2;0;4;0m▄[0m[48;2;66;65;66m[38;2;66;65;66m▄[0m[48;2;94;87;136m[38;2;94;87;136m▄[0m[48;2;0;4;0m[38;2;90;89;140m▄[0m[38;2;0;4;0m▄[0m [38;2;0;4;0m▄[0m[48;2;0;8;0m[38;2;61;60;74m▄[0m[48;2;123;113;148m[38;2;61;60;74m▄[0m[48;2;119;109;156m[38;2;66;65;66m▄[0m[48;2;119;109;156m[38;2;66;65;66m▄[0m[48;2;118;109;156m[38;2;118;109;156m▄[0m[48;2;118;109;156m[38;2;118;109;156m▄[0m[48;2;118;109;156m[38;2;118;109;156m▄[0m[48;2;118;109;156m[38;2;118;109;156m▄[0m[48;2;115;109;156m[38;2;115;109;156m▄[0m[48;2;0;4;0m[38;2;115;109;156m▄[0m[38;2;0;4;0m▄[0m    [48;2;0;4;0m[38;2;0;4;0m▄[0m[48;2;118;109;156m[38;2;118;109;156m▄[0m[48;2;118;109;156m[38;2;118;109;156m▄[0m[48;2;118;109;156m[38;2;118;109;156m▄[0m[48;2;118;109;156m[38;2;118;109;156m▄[0m[48;2;0;4;0m[38;2;115;109;156m▄[0m[38;2;0;4;0m▄[0m 
  [38;2;0;4;0m▀[0m[38;2;0;4;0m▄[0m[48;2;0;4;0m[38;2;93;88;137m▄[0m[48;2;93;88;137m[38;2;0;4;0m▄[0m[48;2;94;87;136m[38;2;94;87;136m▄[0m[48;2;66;65;66m[38;2;66;65;66m▄[0m[48;2;0;4;0m[38;2;115;109;156m▄[0m[48;2;115;109;156m[38;2;115;109;156m▄[0m[48;2;118;109;156m[38;2;118;109;156m▄[0m[48;2;118;109;156m[38;2;118;109;156m▄[0m[48;2;118;109;156m[38;2;118;109;156m▄[0m[48;2;118;109;156m[38;2;118;109;156m▄[0m[48;2;66;65;66m[38;2;119;109;156m▄[0m[48;2;66;65;66m[38;2;119;109;156m▄[0m[48;2;66;65;66m[38;2;119;109;156m▄[0m[48;2;119;109;156m[38;2;66;65;66m▄[0m[48;2;119;109;156m[38;2;66;65;66m▄[0m[48;2;119;109;156m[38;2;119;109;156m▄[0m[48;2;115;109;156m[38;2;115;109;156m▄[0m[48;2;0;4;0m[38;2;0;4;0m▄[0m  [48;2;0;4;0m[38;2;0;4;0m▄[0m[48;2;115;109;156m[38;2;115;109;156m▄[0m[48;2;119;109;156m[38;2;119;109;156m▄[0m[48;2;119;109;156m[38;2;66;65;66m▄[0m[48;2;118;109;156m[38;2;118;109;156m▄[0m[48;2;118;109;156m[38;2;118;109;156m▄[0m[48;2;115;109;156m[38;2;115;109;156m▄[0m[48;2;0;4;0m[38;2;115;109;156m▄[0m[38;2;0;4;0m▄[0m
   [38;2;0;4;0m▀[0m[38;2;0;4;0m▀[0m[38;2;0;4;0m▄[0m[48;2;0;4;0m[38;2;115;109;156m▄[0m[48;2;115;109;156m[38;2;115;109;156m▄[0m[48;2;119;109;156m[38;2;66;65;66m▄[0m[48;2;119;109;156m[38;2;66;65;66m▄[0m[48;2;66;65;66m[38;2;255;219;214m▄[0m[48;2;66;65;66m[38;2;255;219;214m▄[0m[48;2;66;65;66m[38;2;255;219;214m▄[0m[48;2;66;65;66m[38;2;255;219;214m▄[0m[48;2;119;109;156m[38;2;66;65;66m▄[0m[48;2;119;109;156m[38;2;66;65;66m▄[0m[48;2;119;109;156m[38;2;66;65;66m▄[0m[48;2;119;109;156m[38;2;119;109;156m▄[0m[48;2;119;109;156m[38;2;119;109;156m▄[0m[48;2;66;65;66m[38;2;119;109;156m▄[0m[48;2;123;113;148m[38;2;61;60;74m▄[0m[48;2;0;8;0m[38;2;61;60;74m▄[0m[38;2;0;4;0m▄[0m[48;2;0;4;0m[38;2;115;109;156m▄[0m[48;2;119;109;156m[38;2;119;109;156m▄[0m[48;2;119;109;156m[38;2;66;65;66m▄[0m[48;2;118;109;156m[38;2;118;109;156m▄[0m[48;2;118;109;156m[38;2;118;109;156m▄[0m[48;2;66;64;66m[38;2;0;4;0m▄[0m[38;2;0;4;0m▀[0m[48;2;115;109;156m[38;2;0;4;0m▄[0m[48;2;115;109;156m[38;2;115;109;156m▄[0m[48;2;0;4;0m[38;2;0;4;0m▄[0m
     [48;2;0;4;0m[38;2;0;4;0m▄[0m[48;2;119;109;156m[38;2;119;109;156m▄[0m[48;2;66;65;66m[38;2;66;65;66m▄[0m[48;2;225;199;134m[38;2;247;251;255m▄[0m[48;2;214;174;74m[38;2;214;174;74m▄[0m[48;2;134;145;148m[38;2;134;145;148m▄[0m[48;2;255;219;214m[38;2;255;219;214m▄[0m[48;2;238;222;219m[38;2;238;222;219m▄[0m[48;2;206;174;148m[38;2;255;247;255m▄[0m[48;2;255;255;255m[38;2;222;178;66m▄[0m[48;2;255;255;255m[38;2;222;178;66m▄[0m[48;2;134;136;139m[38;2;255;255;255m▄[0m[48;2;74;77;82m[38;2;134;136;139m▄[0m[48;2;66;65;74m[38;2;255;215;222m▄[0m[48;2;129;115;123m[38;2;66;65;74m▄[0m[48;2;118;109;159m[38;2;118;109;159m▄[0m[48;2;118;109;159m[38;2;96;89;137m▄[0m[48;2;120;110;154m[38;2;60;59;77m▄[0m[48;2;120;110;154m[38;2;0;8;0m▄[0m[38;2;0;4;0m▀[0m[38;2;0;4;0m▀[0m[48;2;115;109;156m[38;2;0;4;0m▄[0m[48;2;115;109;156m[38;2;115;109;156m▄[0m[48;2;0;4;0m[38;2;0;4;0m▄[0m  [38;2;0;4;0m▀[0m 
      [38;2;0;4;0m▀[0m[48;2;66;64;66m[38;2;0;4;0m▄[0m[48;2;192;178;173m[38;2;255;235;231m▄[0m[48;2;255;235;231m[38;2;66;65;57m▄[0m[48;2;66;65;66m[38;2;119;109;156m▄[0m[48;2;66;65;66m[38;2;119;109;156m▄[0m[48;2;255;231;231m[38;2;66;65;66m▄[0m[48;2;255;231;231m[38;2;255;231;231m▄[0m[48;2;189;146;66m[38;2;255;255;255m▄[0m[48;2;189;146;66m[38;2;255;255;255m▄[0m[48;2;255;255;255m[38;2;255;255;255m▄[0m[48;2;148;146;132m[38;2;183;182;173m▄[0m[48;2;255;219;214m[38;2;255;219;214m▄[0m[48;2;66;65;66m[38;2;66;65;66m▄[0m[48;2;115;109;156m[38;2;94;89;135m▄[0m[48;2;94;89;135m[38;2;94;89;135m▄[0m[48;2;93;88;137m[38;2;93;88;137m▄[0m[48;2;0;4;0m[38;2;0;4;0m▄[0m   [38;2;0;4;0m▀[0m     
        [48;2;0;4;0m[38;2;0;4;0m▄[0m[48;2;115;109;156m[38;2;115;109;156m▄[0m[48;2;119;109;156m[38;2;66;65;66m▄[0m[48;2;119;109;156m[38;2;66;65;66m▄[0m[48;2;119;109;156m[38;2;119;109;156m▄[0m[48;2;66;65;66m[38;2;119;109;156m▄[0m[48;2;66;65;66m[38;2;66;65;66m▄[0m[48;2;255;235;239m[38;2;255;235;239m▄[0m[48;2;203;181;148m[38;2;255;219;214m▄[0m[48;2;255;219;214m[38;2;255;219;214m▄[0m[48;2;247;211;222m[38;2;57;56;74m▄[0m[48;2;57;56;74m[38;2;120;107;123m▄[0m[48;2;90;89;140m[38;2;0;4;0m▄[0m[38;2;0;4;0m▀[0m[38;2;0;4;0m▀[0m          
      [38;2;0;4;0m▄[0m[38;2;0;4;0m▄[0m[38;2;0;4;0m▄[0m[48;2;0;4;0m[38;2;90;81;148m▄[0m[48;2;57;56;74m[38;2;120;107;123m▄[0m[48;2;247;211;222m[38;2;57;56;74m▄[0m[48;2;66;65;66m[38;2;66;65;66m▄[0m[48;2;66;65;66m[38;2;66;65;66m▄[0m[48;2;255;219;214m[38;2;66;65;66m▄[0m[48;2;255;219;214m[38;2;66;65;66m▄[0m[48;2;66;65;66m[38;2;94;87;136m▄[0m[48;2;66;65;66m[38;2;94;87;136m▄[0m[48;2;101;97;137m[38;2;54;56;68m▄[0m[48;2;8;16;0m[38;2;54;56;68m▄[0m[38;2;0;4;0m▄[0m            
   [38;2;0;4;0m▄[0m[48;2;0;4;0m[38;2;115;166;247m▄[0m[48;2;0;4;0m[38;2;115;166;247m▄[0m[48;2;57;109;198m[38;2;0;4;0m▄[0m[48;2;57;109;198m[38;2;0;4;0m▄[0m[48;2;66;65;66m[38;2;66;65;66m▄[0m[48;2;90;81;144m[38;2;66;65;66m▄[0m[48;2;66;65;66m[38;2;119;109;156m▄[0m[48;2;119;109;156m[38;2;119;109;156m▄[0m[48;2;118;109;156m[38;2;118;109;156m▄[0m[48;2;118;109;156m[38;2;118;109;156m▄[0m[48;2;118;109;156m[38;2;118;109;156m▄[0m[48;2;118;109;156m[38;2;118;109;156m▄[0m[48;2;66;65;66m[38;2;115;105;165m▄[0m[48;2;66;65;66m[38;2;98;91;132m▄[0m[48;2;119;109;156m[38;2;119;109;156m▄[0m[48;2;119;109;156m[38;2;66;65;66m▄[0m[48;2;43;60;82m[38;2;115;166;247m▄[0m[48;2;8;8;0m[38;2;115;166;247m▄[0m[48;2;0;4;0m[38;2;115;166;247m▄[0m[38;2;0;4;0m▄[0m[38;2;0;4;0m▄[0m        
 [38;2;0;4;0m▄[0m[48;2;0;4;16m[38;2;239;255;255m▄[0m[48;2;159;171;175m[38;2;239;255;255m▄[0m[48;2;57;109;198m[38;2;0;4;0m▄[0m[38;2;0;4;0m▀[0m [38;2;0;4;0m▄[0m[48;2;0;4;0m[38;2;115;109;156m▄[0m[48;2;115;109;156m[38;2;115;109;156m▄[0m[48;2;119;109;156m[38;2;66;65;66m▄[0m[48;2;119;109;156m[38;2;66;65;66m▄[0m[48;2;66;60;74m[38;2;255;251;255m▄[0m[48;2;129;123;134m[38;2;66;60;74m▄[0m[48;2;118;109;156m[38;2;118;109;156m▄[0m[48;2;118;109;156m[38;2;118;109;156m▄[0m[48;2;119;109;156m[38;2;119;109;156m▄[0m[48;2;66;65;66m[38;2;119;109;156m▄[0m[48;2;94;87;136m[38;2;66;65;66m▄[0m[48;2;94;87;136m[38;2;66;65;66m▄[0m[48;2;66;64;66m[38;2;0;4;0m▄[0m[38;2;0;4;0m▀[0m[48;2;77;93;117m[38;2;0;12;49m▄[0m[48;2;154;174;186m[38;2;231;255;255m▄[0m[48;2;159;171;175m[38;2;239;255;255m▄[0m[48;2;0;4;16m[38;2;239;255;255m▄[0m[38;2;0;4;0m▄[0m      
[48;2;0;4;0m[38;2;0;4;0m▄[0m[48;2;255;255;255m[38;2;255;255;255m▄[0m[48;2;255;255;255m[38;2;255;255;255m▄[0m[48;2;255;255;255m[38;2;135;145;148m▄[0m[48;2;222;223;222m[38;2;222;223;222m▄[0m[48;2;0;4;0m[38;2;0;4;0m▄[0m [48;2;0;4;0m[38;2;0;4;0m▄[0m[48;2;255;203;66m[38;2;255;203;66m▄[0m[48;2;90;44;74m[38;2;172;123;70m▄[0m[48;2;255;122;139m[38;2;255;255;255m▄[0m[48;2;255;122;139m[38;2;255;122;139m▄[0m[48;2;66;65;66m[38;2;255;113;123m▄[0m[48;2;66;65;66m[38;2;192;97;104m▄[0m[48;2;115;109;156m[38;2;66;65;66m▄[0m[48;2;115;109;156m[38;2;98;94;126m▄[0m[48;2;66;65;90m[38;2;239;211;90m▄[0m[48;2;123;113;90m[38;2;66;65;90m▄[0m[48;2;93;88;137m[38;2;93;88;137m▄[0m[48;2;93;88;137m[38;2;93;88;137m▄[0m[48;2;93;88;137m[38;2;93;88;137m▄[0m[48;2;0;4;0m[38;2;0;4;0m▄[0m[48;2;255;255;255m[38;2;194;194;194m▄[0m[48;2;255;255;255m[38;2;74;73;74m▄[0m[48;2;255;255;255m[38;2;222;225;218m▄[0m[48;2;222;225;218m[38;2;222;225;218m▄[0m[48;2;222;223;214m[38;2;222;223;214m▄[0m[48;2;0;0;0m[38;2;74;74;71m▄[0m[38;2;0;4;0m▄[0m    
[38;2;0;4;0m▀[0m[48;2;255;255;255m[38;2;0;4;0m▄[0m[48;2;255;255;255m[38;2;255;255;255m▄[0m[48;2;140;146;148m[38;2;216;218;219m▄[0m[48;2;0;4;0m[38;2;0;4;0m▄[0m  [38;2;0;4;0m▀[0m[48;2;87;104;159m[38;2;16;4;0m▄[0m[48;2;51;54;79m[38;2;123;154;239m▄[0m[48;2;222;85;82m[38;2;66;65;66m▄[0m[48;2;222;85;82m[38;2;66;65;66m▄[0m[48;2;222;85;82m[38;2;66;65;66m▄[0m[48;2;222;85;82m[38;2;66;65;66m▄[0m[48;2;57;56;66m[38;2;247;247;255m▄[0m[48;2;120;119;129m[38;2;57;56;66m▄[0m[48;2;247;211;66m[38;2;74;73;90m▄[0m[48;2;74;73;90m[38;2;74;73;90m▄[0m[48;2;93;88;137m[38;2;93;88;137m▄[0m[48;2;93;88;137m[38;2;93;88;137m▄[0m[48;2;90;89;140m[38;2;0;4;0m▄[0m[38;2;0;4;0m▀[0m[48;2;49;74;82m[38;2;0;4;0m▄[0m[48;2;98;144;164m[38;2;148;215;247m▄[0m[48;2;57;65;74m[38;2;127;146;156m▄[0m[48;2;198;227;239m[38;2;57;65;74m▄[0m[48;2;38;56;68m[38;2;16;8;0m▄[0m[48;2;82;154;206m[38;2;82;154;206m▄[0m[48;2;0;4;0m[38;2;0;4;0m▄[0m    
  [38;2;0;4;0m▀[0m[38;2;0;4;0m▀[0m [38;2;0;4;0m▄[0m[38;2;0;4;0m▄[0m[38;2;0;4;0m▄[0m[48;2;0;4;8m[38;2;71;112;172m▄[0m[48;2;71;112;172m[38;2;107;166;255m▄[0m[48;2;151;178;197m[38;2;41;56;82m▄[0m[48;2;206;239;255m[38;2;151;178;197m▄[0m[48;2;255;255;255m[38;2;57;113;214m▄[0m[48;2;255;255;255m[38;2;123;160;227m▄[0m[48;2;115;164;249m[38;2;115;164;249m▄[0m[48;2;115;164;249m[38;2;115;164;249m▄[0m[48;2;107;158;255m[38;2;90;125;192m▄[0m[48;2;57;60;66m[38;2;107;158;255m▄[0m[48;2;46;60;82m[38;2;123;166;247m▄[0m[48;2;8;8;0m[38;2;8;8;0m▄[0m  [38;2;0;4;0m▀[0m[48;2;156;207;231m[38;2;0;4;0m▄[0m[48;2;93;148;175m[38;2;140;219;255m▄[0m[48;2;0;8;16m[38;2;93;148;175m▄[0m[38;2;0;4;0m▄[0m[38;2;0;4;0m▀[0m     
    [48;2;0;8;8m[38;2;0;8;8m▄[0m[48;2;148;215;255m[38;2;98;146;172m▄[0m[48;2;82;154;208m[38;2;82;154;208m▄[0m[48;2;82;154;208m[38;2;82;154;208m▄[0m[48;2;66;65;66m[38;2;90;81;144m▄[0m[48;2;66;65;66m[38;2;90;81;144m▄[0m[48;2;82;117;198m[38;2;62;83;132m▄[0m[48;2;43;49;66m[38;2;24;16;0m▄[0m[38;2;0;4;0m▀[0m[38;2;0;4;0m▀[0m[38;2;0;4;0m▀[0m[48;2;57;109;198m[38;2;0;4;0m▄[0m[48;2;107;166;255m[38;2;74;81;148m▄[0m[48;2;107;166;255m[38;2;85;109;183m▄[0m[48;2;98;129;160m[38;2;57;60;74m▄[0m[48;2;57;60;74m[38;2;140;199;247m▄[0m[48;2;0;4;0m[38;2;156;207;231m▄[0m[38;2;0;4;0m▄[0m [48;2;0;4;0m[38;2;0;4;0m▄[0m[48;2;93;148;175m[38;2;140;219;255m▄[0m[48;2;93;148;175m[38;2;0;8;16m▄[0m[38;2;0;4;0m▀[0m      
    [38;2;0;4;0m▀[0m[48;2;82;154;206m[38;2;0;4;0m▄[0m[48;2;82;154;206m[38;2;0;4;0m▄[0m[48;2;82;154;206m[38;2;0;4;0m▄[0m[48;2;82;154;206m[38;2;0;4;0m▄[0m[38;2;0;4;0m▀[0m[38;2;0;4;0m▀[0m     [48;2;8;4;0m[38;2;8;4;0m▄[0m[48;2;68;98;142m[38;2;99;146;214m▄[0m[48;2;156;208;230m[38;2;156;208;230m▄[0m[48;2;255;255;255m[38;2;156;208;230m▄[0m[48;2;156;208;228m[38;2;156;208;228m▄[0m[48;2;156;208;228m[38;2;156;208;228m▄[0m[48;2;0;4;0m[38;2;0;4;0m▄[0m [48;2;0;8;8m[38;2;0;8;8m▄[0m[48;2;148;215;255m[38;2;98;146;172m▄[0m[48;2;0;4;0m[38;2;0;4;0m▄[0m      
                 [38;2;0;4;0m▀[0m[38;2;0;4;0m▀[0m[48;2;156;207;231m[38;2;0;4;0m▄[0m[48;2;156;207;231m[38;2;0;4;0m▄[0m[48;2;156;207;231m[38;2;0;4;0m▄[0m[38;2;0;4;0m▀[0m [38;2;0;4;0m▀[0m[48;2;82;154;206m[38;2;0;4;0m▄[0m[38;2;0;4;0m▀[0m      