        [38;2;0;0;0m▄[0m[38;2;0;0;0m▄[0m[38;2;16;0;0m▄[0m[48;2;0;0;0m[38;2;255;125;140m▄[0m[48;2;0;0;0m[38;2;255;134;140m▄[0m[48;2;0;0;0m[38;2;239;66;90m▄[0m[48;2;0;0;0m[38;2;198;56;74m▄[0m[48;2;0;0;0m[38;2;156;199;239m▄[0m[48;2;0;0;0m[38;2;156;198;239m▄[0m[48;2;0;0;0m[38;2;156;198;239m▄[0m[48;2;0;0;0m[38;2;156;199;239m▄[0m[48;2;0;0;0m[38;2;156;199;239m▄[0m[38;2;0;0;0m▄[0m[38;2;0;0;0m▄[0m         
    [38;2;0;0;0m▄[0m[38;2;0;0;0m▄[0m[48;2;0;0;0m[38;2;33;89;115m▄[0m[48;2;0;0;0m[38;2;33;89;115m▄[0m[48;2;255;134;140m[38;2;247;97;115m▄[0m[48;2;255;134;140m[38;2;247;97;115m▄[0m[48;2;255;125;140m[38;2;239;66;90m▄[0m[48;2;175;83;93m[38;2;239;66;90m▄[0m[48;2;239;66;90m[38;2;239;66;90m▄[0m[48;2;239;66;90m[38;2;239;66;90m▄[0m[48;2;198;56;74m[38;2;198;56;74m▄[0m[48;2;198;56;74m[38;2;198;56;74m▄[0m[48;2;156;198;239m[38;2;156;199;239m▄[0m[48;2;156;198;239m[38;2;74;115;156m▄[0m[48;2;156;199;239m[38;2;74;115;156m▄[0m[48;2;74;115;156m[38;2;156;199;239m▄[0m[48;2;74;113;156m[38;2;156;215;255m▄[0m[48;2;74;113;156m[38;2;104;146;172m▄[0m[48;2;0;0;0m[38;2;0;0;0m▄[0m        
  [38;2;0;0;0m▄[0m[48;2;0;0;0m[38;2;255;255;255m▄[0m[48;2;255;255;255m[38;2;255;255;255m▄[0m[48;2;255;255;255m[38;2;214;239;255m▄[0m[48;2;239;247;255m[38;2;214;239;255m▄[0m[48;2;239;247;255m[38;2;214;239;255m▄[0m[48;2;33;89;115m[38;2;214;239;255m▄[0m[48;2;33;89;115m[38;2;214;239;255m▄[0m[48;2;239;66;90m[38;2;57;73;99m▄[0m[48;2;239;66;90m[38;2;156;138;160m▄[0m[48;2;239;66;90m[38;2;239;65;90m▄[0m[48;2;239;66;90m[38;2;181;48;66m▄[0m[48;2;198;56;74m[38;2;156;198;239m▄[0m[48;2;156;199;239m[38;2;156;198;239m▄[0m[48;2;156;199;239m[38;2;156;199;239m▄[0m[48;2;156;199;239m[38;2;74;115;156m▄[0m[48;2;156;199;239m[38;2;82;112;142m▄[0m[48;2;156;199;239m[38;2;82;112;142m▄[0m[48;2;104;146;172m[38;2;0;8;8m▄[0m[48;2;0;8;8m[38;2;0;8;8m▄[0m[38;2;0;0;0m▄[0m        
 [48;2;0;0;0m[38;2;0;0;0m▄[0m[48;2;255;255;255m[38;2;33;89;115m▄[0m[48;2;255;255;255m[38;2;33;89;115m▄[0m[48;2;214;239;255m[38;2;33;89;115m▄[0m[48;2;214;239;255m[38;2;214;243;255m▄[0m[48;2;214;239;255m[38;2;239;247;255m▄[0m[48;2;214;239;255m[38;2;66;65;66m▄[0m[48;2;214;239;255m[38;2;82;83;82m▄[0m[48;2;214;239;255m[38;2;82;83;82m▄[0m[48;2;255;203;222m[38;2;214;243;255m▄[0m[48;2;57;73;99m[38;2;49;81;99m▄[0m[48;2;239;65;90m[38;2;181;48;66m▄[0m[48;2;181;48;66m[38;2;156;199;239m▄[0m[48;2;156;198;239m[38;2;156;198;239m▄[0m[48;2;156;198;239m[38;2;156;198;239m▄[0m[48;2;74;115;156m[38;2;156;199;239m▄[0m[48;2;156;199;239m[38;2;156;199;239m▄[0m[48;2;148;199;247m[38;2;107;158;198m▄[0m[48;2;49;69;90m[38;2;66;65;66m▄[0m[48;2;85;36;43m[38;2;181;48;66m▄[0m[48;2;170;64;79m[38;2;65;64;66m▄[0m[48;2;0;99;82m[38;2;181;44;66m▄[0m[48;2;0;0;0m[38;2;0;89;74m▄[0m[48;2;0;0;0m[38;2;0;65;57m▄[0m[38;2;0;65;57m▄[0m     
[48;2;0;0;0m[38;2;0;0;0m▄[0m[48;2;214;239;255m[38;2;181;219;247m▄[0m[48;2;214;239;255m[38;2;214;239;255m▄[0m[48;2;214;239;255m[38;2;156;199;239m▄[0m[48;2;153;191;208m[38;2;156;198;239m▄[0m[48;2;33;89;115m[38;2;156;198;239m▄[0m[48;2;66;65;66m[38;2;66;65;74m▄[0m[48;2;239;247;255m[38;2;239;255;255m▄[0m[48;2;0;0;0m[38;2;0;0;0m▄[0m[48;2;247;251;247m[38;2;247;251;247m▄[0m[48;2;49;81;99m[38;2;66;65;66m▄[0m[48;2;159;189;203m[38;2;156;199;239m▄[0m[48;2;156;199;239m[38;2;156;198;239m▄[0m[48;2;156;199;239m[38;2;156;198;239m▄[0m[48;2;156;198;239m[38;2;156;198;239m▄[0m[48;2;156;198;239m[38;2;156;198;239m▄[0m[48;2;156;199;239m[38;2;156;215;255m▄[0m[48;2;106;156;197m[38;2;104;146;172m▄[0m[48;2;66;65;66m[38;2;71;43;46m▄[0m[48;2;66;65;66m[38;2;214;113;123m▄[0m[48;2;181;48;66m[38;2;66;65;66m▄[0m[48;2;181;48;66m[38;2;66;65;66m▄[0m[48;2;60;74;71m[38;2;214;105;115m▄[0m[48;2;60;74;71m[38;2;214;105;115m▄[0m[48;2;181;48;66m[38;2;65;64;66m▄[0m[48;2;0;65;57m[38;2;181;48;66m▄[0m[48;2;0;0;0m[38;2;0;32;24m▄[0m[38;2;0;32;24m▄[0m   
[48;2;0;0;0m[38;2;0;0;0m▄[0m[48;2;181;219;247m[38;2;156;199;239m▄[0m[48;2;156;199;239m[38;2;74;115;156m▄[0m[48;2;156;199;239m[38;2;156;199;239m▄[0m[48;2;156;198;239m[38;2;156;198;239m▄[0m[48;2;156;198;239m[38;2;156;198;239m▄[0m[48;2;181;191;194m[38;2;156;199;239m▄[0m[48;2;66;65;74m[38;2;156;199;239m▄[0m[48;2;82;83;82m[38;2;156;199;239m▄[0m[48;2;82;83;82m[38;2;74;115;156m▄[0m[48;2;156;199;239m[38;2;156;198;238m▄[0m[48;2;156;199;239m[38;2;156;198;238m▄[0m[48;2;156;198;239m[38;2;156;198;239m▄[0m[48;2;156;198;239m[38;2;156;198;239m▄[0m[48;2;156;198;239m[38;2;156;215;255m▄[0m[48;2;156;198;239m[38;2;104;146;172m▄[0m[48;2;104;146;172m[38;2;0;0;0m▄[0m[38;2;0;8;8m▀[0m[38;2;0;8;8m▀[0m[38;2;0;8;8m▀[0m[48;2;66;65;66m[38;2;0;4;8m▄[0m[48;2;214;105;115m[38;2;82;54;54m▄[0m[48;2;214;105;115m[38;2;66;56;57m▄[0m[48;2;66;65;66m[38;2;160;90;94m▄[0m[48;2;65;64;66m[38;2;181;48;66m▄[0m[48;2;65;64;66m[38;2;181;48;66m▄[0m[48;2;181;48;66m[38;2;66;65;66m▄[0m[48;2;0;32;24m[38;2;239;65;90m▄[0m[38;2;0;0;0m▄[0m  
 [38;2;0;0;0m▀[0m[48;2;156;199;239m[38;2;0;0;0m▄[0m[48;2;74;115;156m[38;2;0;0;0m▄[0m[48;2;156;198;239m[38;2;156;199;239m▄[0m[48;2;156;198;239m[38;2;107;60;66m▄[0m[48;2;66;65;66m[38;2;181;48;66m▄[0m[48;2;156;199;239m[38;2;65;64;66m▄[0m[48;2;74;115;156m[38;2;66;65;66m▄[0m[48;2;156;199;239m[38;2;156;199;239m▄[0m[48;2;255;255;255m[38;2;156;198;239m▄[0m[48;2;156;198;238m[38;2;156;198;239m▄[0m[48;2;156;198;239m[38;2;148;199;247m▄[0m[48;2;156;198;239m[38;2;117;154;189m▄[0m[48;2;104;146;172m[38;2;57;65;74m▄[0m[48;2;0;8;8m[38;2;117;154;189m▄[0m[38;2;0;0;0m▄[0m [38;2;0;4;8m▄[0m[38;2;0;4;8m▄[0m[48;2;0;4;8m[38;2;181;48;66m▄[0m[48;2;247;154;148m[38;2;66;65;66m▄[0m[48;2;255;125;132m[38;2;255;150;148m▄[0m[48;2;66;56;57m[38;2;255;150;148m▄[0m[48;2;65;64;66m[38;2;255;150;148m▄[0m[48;2;181;48;66m[38;2;66;65;66m▄[0m[48;2;66;65;66m[38;2;239;65;90m▄[0m[48;2;239;65;90m[38;2;0;134;107m▄[0m[48;2;0;0;0m[38;2;0;134;107m▄[0m[38;2;0;0;0m▄[0m 
   [48;2;0;0;0m[38;2;0;0;0m▄[0m[48;2;107;60;66m[38;2;107;158;198m▄[0m[48;2;107;60;66m[38;2;66;65;66m▄[0m[48;2;181;48;66m[38;2;107;60;66m▄[0m[48;2;181;48;66m[38;2;107;60;66m▄[0m[48;2;66;65;66m[38;2;107;60;66m▄[0m[48;2;156;199;239m[38;2;107;60;66m▄[0m[48;2;156;198;239m[38;2;107;158;198m▄[0m[48;2;156;198;239m[38;2;107;158;198m▄[0m[48;2;117;154;189m[38;2;57;71;85m▄[0m[48;2;57;65;74m[38;2;106;139;170m▄[0m[48;2;117;154;189m[38;2;156;199;239m▄[0m[48;2;148;199;247m[38;2;156;199;239m▄[0m[48;2;156;199;239m[38;2;66;65;66m▄[0m[48;2;0;0;0m[38;2;66;65;66m▄[0m[48;2;82;54;54m[38;2;66;56;57m▄[0m[48;2;247;154;148m[38;2;255;125;132m▄[0m[48;2;66;65;66m[38;2;255;150;148m▄[0m[48;2;181;48;66m[38;2;66;65;66m▄[0m[48;2;66;65;66m[38;2;181;48;66m▄[0m[48;2;255;150;148m[38;2;65;64;66m▄[0m[48;2;255;150;148m[38;2;79;95;87m▄[0m[48;2;66;65;66m[38;2;239;60;82m▄[0m[48;2;239;65;90m[38;2;239;65;90m▄[0m[48;2;0;134;107m[38;2;0;134;107m▄[0m[48;2;0;134;107m[38;2;0;134;107m▄[0m[48;2;0;0;0m[38;2;0;0;0m▄[0m 
  [48;2;0;0;0m[38;2;0;0;0m▄[0m[48;2;181;199;222m[38;2;181;199;222m▄[0m[48;2;66;65;66m[38;2;66;65;66m▄[0m[48;2;107;158;198m[38;2;66;65;66m▄[0m[48;2;107;60;66m[38;2;107;158;198m▄[0m[48;2;107;158;198m[38;2;107;158;198m▄[0m[48;2;107;60;66m[38;2;107;158;198m▄[0m[48;2;107;158;198m[38;2;0;0;0m▄[0m[38;2;0;0;0m▀[0m[48;2;0;0;0m[38;2;0;0;0m▄[0m[48;2;8;4;0m[38;2;247;255;255m▄[0m[48;2;156;207;255m[38;2;49;65;82m▄[0m[48;2;156;199;239m[38;2;41;65;82m▄[0m[48;2;66;65;66m[38;2;136;158;168m▄[0m[48;2;255;255;255m[38;2;255;255;255m▄[0m[48;2;66;65;66m[38;2;255;255;255m▄[0m[48;2;160;90;94m[38;2;66;67;65m▄[0m[48;2;66;56;57m[38;2;66;67;65m▄[0m[48;2;255;150;148m[38;2;255;125;132m▄[0m[48;2;255;150;148m[38;2;74;60;66m▄[0m[48;2;65;64;66m[38;2;239;65;90m▄[0m[48;2;65;64;66m[38;2;239;65;90m▄[0m[48;2;239;60;82m[38;2;0;132;107m▄[0m[48;2;0;113;90m[38;2;0;132;107m▄[0m[48;2;0;134;107m[38;2;0;134;107m▄[0m[48;2;239;65;90m[38;2;0;134;107m▄[0m[48;2;0;134;107m[38;2;82;173;140m▄[0m[48;2;0;0;0m[38;2;82;173;140m▄[0m[38;2;0;0;0m▄[0m
  [38;2;0;0;0m▀[0m[48;2;181;199;222m[38;2;0;0;0m▄[0m[48;2;181;199;222m[38;2;181;199;222m▄[0m[48;2;181;199;222m[38;2;0;0;0m▄[0m[38;2;0;0;0m▀[0m[38;2;0;0;0m▀[0m[38;2;0;0;0m▀[0m  [48;2;0;0;0m[38;2;0;0;0m▄[0m[48;2;148;160;168m[38;2;148;160;168m▄[0m[48;2;247;255;255m[38;2;247;255;255m▄[0m[48;2;136;158;168m[38;2;107;158;198m▄[0m[48;2;231;251;255m[38;2;255;255;255m▄[0m[48;2;107;158;198m[38;2;148;160;164m▄[0m[48;2;255;255;255m[38;2;239;255;255m▄[0m[48;2;66;67;65m[38;2;239;65;90m▄[0m[48;2;0;134;107m[38;2;0;134;107m▄[0m[48;2;74;60;66m[38;2;0;134;107m▄[0m[48;2;194;103;110m[38;2;66;67;65m▄[0m[48;2;239;65;90m[38;2;0;105;82m▄[0m[48;2;0;134;107m[38;2;239;52;82m▄[0m[48;2;0;132;107m[38;2;66;67;65m▄[0m[48;2;0;132;107m[38;2;66;67;65m▄[0m[48;2;0;134;107m[38;2;57;65;66m▄[0m[48;2;82;174;140m[38;2;49;170;140m▄[0m[48;2;82;173;140m[38;2;82;174;140m▄[0m[48;2;82;173;140m[38;2;0;0;0m▄[0m[38;2;0;0;0m▀[0m
    [38;2;0;0;0m▀[0m     [48;2;0;0;0m[38;2;0;0;0m▄[0m[48;2;0;99;82m[38;2;181;48;66m▄[0m[48;2;49;65;82m[38;2;65;64;66m▄[0m[48;2;247;255;255m[38;2;65;64;66m▄[0m[48;2;107;158;198m[38;2;148;160;164m▄[0m[48;2;255;255;255m[38;2;239;255;255m▄[0m[48;2;57;65;74m[38;2;66;67;65m▄[0m[48;2;57;65;74m[38;2;0;134;107m▄[0m[48;2;239;65;90m[38;2;239;65;90m▄[0m[48;2;239;65;90m[38;2;239;65;90m▄[0m[48;2;0;134;107m[38;2;0;134;107m▄[0m[48;2;66;67;65m[38;2;66;67;65m▄[0m[48;2;79;87;82m[38;2;239;65;90m▄[0m[48;2;79;87;82m[38;2;239;65;90m▄[0m[48;2;0;134;107m[38;2;239;65;90m▄[0m[48;2;0;134;107m[38;2;239;65;90m▄[0m[48;2;51;135;115m[38;2;0;134;107m▄[0m[48;2;57;65;66m[38;2;0;134;107m▄[0m[48;2;82;174;140m[38;2;0;0;0m▄[0m[38;2;0;0;0m▀[0m 
          [48;2;0;0;0m[38;2;0;0;0m▄[0m[48;2;181;48;66m[38;2;0;99;82m▄[0m[48;2;181;48;66m[38;2;181;44;66m▄[0m[48;2;65;64;66m[38;2;60;76;76m▄[0m[48;2;57;65;74m[38;2;0;121;99m▄[0m[48;2;57;65;74m[38;2;239;56;82m▄[0m[48;2;0;134;107m[38;2;239;65;90m▄[0m[48;2;0;134;107m[38;2;239;65;90m▄[0m[48;2;239;65;90m[38;2;239;52;82m▄[0m[48;2;0;134;107m[38;2;79;87;82m▄[0m[48;2;66;67;65m[38;2;0;134;107m▄[0m[48;2;0;134;107m[38;2;239;65;90m▄[0m[48;2;0;134;107m[38;2;239;66;90m▄[0m[48;2;0;134;107m[38;2;239;66;90m▄[0m[48;2;0;134;107m[38;2;0;134;107m▄[0m[48;2;239;65;90m[38;2;0;134;107m▄[0m[48;2;239;65;90m[38;2;0;134;107m▄[0m[48;2;0;134;107m[38;2;0;134;107m▄[0m[48;2;0;0;0m[38;2;0;0;0m▄[0m  
           [38;2;0;0;0m▀[0m[48;2;0;93;82m[38;2;0;48;41m▄[0m[48;2;0;93;82m[38;2;0;48;41m▄[0m[48;2;79;99;93m[38;2;0;97;82m▄[0m[48;2;0;121;99m[38;2;66;64;65m▄[0m[48;2;0;134;107m[38;2;79;76;76m▄[0m[48;2;0;134;107m[38;2;239;60;82m▄[0m[48;2;0;105;82m[38;2;239;65;90m▄[0m[48;2;79;87;82m[38;2;239;65;90m▄[0m[48;2;239;65;90m[38;2;24;80;71m▄[0m[48;2;239;65;90m[38;2;33;121;107m▄[0m[48;2;239;66;90m[38;2;0;132;107m▄[0m[48;2;239;66;90m[38;2;0;132;107m▄[0m[48;2;239;65;90m[38;2;239;65;90m▄[0m[48;2;0;134;107m[38;2;239;65;90m▄[0m[48;2;0;134;107m[38;2;0;138;115m▄[0m[48;2;0;0;0m[38;2;0;0;0m▄[0m   
          [38;2;0;0;0m▄[0m[48;2;0;0;0m[38;2;214;105;115m▄[0m[48;2;214;105;115m[38;2;71;43;46m▄[0m[48;2;71;67;65m[38;2;214;113;123m▄[0m[48;2;66;64;65m[38;2;214;113;123m▄[0m[48;2;0;97;82m[38;2;71;43;46m▄[0m[48;2;0;85;74m[38;2;0;99;82m▄[0m[48;2;79;76;76m[38;2;0;0;0m▄[0m[38;2;0;0;0m▀[0m[38;2;0;0;0m▀[0m[38;2;8;0;0m▀[0m[38;2;8;0;0m▀[0m[48;2;0;132;107m[38;2;0;20;16m▄[0m[48;2;0;132;107m[38;2;85;44;49m▄[0m[48;2;0;134;107m[38;2;60;74;71m▄[0m[48;2;0;134;107m[38;2;0;89;74m▄[0m[48;2;0;92;76m[38;2;33;82;74m▄[0m[48;2;0;0;0m[38;2;0;0;0m▄[0m   
           [38;2;0;0;0m▀[0m[38;2;0;8;8m▀[0m[38;2;0;8;8m▀[0m[38;2;0;8;8m▀[0m[38;2;0;8;8m▀[0m[38;2;0;0;0m▀[0m   [38;2;0;0;0m▄[0m[48;2;0;0;0m[38;2;255;150;148m▄[0m[48;2;170;68;82m[38;2;255;150;148m▄[0m[48;2;85;44;49m[38;2;85;55;54m▄[0m[48;2;181;44;66m[38;2;255;142;148m▄[0m[48;2;60;74;71m[38;2;90;44;57m▄[0m[48;2;33;82;74m[38;2;255;150;148m▄[0m[48;2;0;0;0m[38;2;0;0;0m▄[0m   
                    [38;2;0;0;0m▀[0m[38;2;0;0;0m▀[0m[38;2;0;8;8m▀[0m[48;2;255;150;148m[38;2;0;0;0m▄[0m[48;2;255;142;148m[38;2;0;0;0m▄[0m[48;2;145;76;87m[38;2;0;0;0m▄[0m[48;2;255;150;148m[38;2;0;0;0m▄[0m[38;2;0;0;0m▀[0m   