       [38;2;7;7;7m▄[0m[38;2;7;7;7m▄[0m[48;2;7;7;7m[38;2;238;234;246m▄[0m[48;2;7;7;7m[38;2;238;234;246m▄[0m[48;2;7;7;7m[38;2;238;234;246m▄[0m[38;2;7;7;7m▄[0m [38;2;7;7;7m▄[0m[48;2;7;7;7m[38;2;238;234;246m▄[0m[48;2;7;7;7m[38;2;238;234;246m▄[0m[48;2;7;7;7m[38;2;238;234;246m▄[0m[48;2;7;7;7m[38;2;238;234;246m▄[0m[38;2;7;7;7m▄[0m[38;2;7;7;7m▄[0m              
      [38;2;7;7;7m▄[0m[48;2;7;7;7m[38;2;238;234;246m▄[0m[48;2;238;234;246m[38;2;238;234;246m▄[0m[48;2;238;234;246m[38;2;7;7;7m▄[0m[38;2;7;7;7m▀[0m[48;2;238;234;246m[38;2;7;7;7m▄[0m[48;2;238;234;246m[38;2;238;234;246m▄[0m[48;2;7;7;7m[38;2;7;7;7m▄[0m[48;2;238;234;246m[38;2;238;234;246m▄[0m[48;2;238;234;246m[38;2;7;7;7m▄[0m[38;2;7;7;7m▀[0m[38;2;7;7;7m▀[0m[48;2;238;234;246m[38;2;7;7;7m▄[0m[48;2;238;234;246m[38;2;238;234;246m▄[0m[48;2;7;7;7m[38;2;238;234;246m▄[0m[38;2;7;7;7m▄[0m             
      [48;2;7;7;7m[38;2;7;7;7m▄[0m[48;2;238;234;246m[38;2;238;234;246m▄[0m[48;2;7;7;7m[38;2;7;7;7m▄[0m [48;2;7;7;7m[38;2;7;7;7m▄[0m[48;2;238;234;246m[38;2;7;7;7m▄[0m[38;2;7;7;7m▀[0m [38;2;7;7;7m▀[0m[48;2;238;234;246m[38;2;7;7;7m▄[0m[48;2;7;7;7m[38;2;7;7;7m▄[0m  [48;2;7;7;7m[38;2;7;7;7m▄[0m[48;2;238;234;246m[38;2;238;234;246m▄[0m[48;2;7;7;7m[38;2;7;7;7m▄[0m             
       [48;2;7;7;7m[38;2;7;7;7m▄[0m[48;2;238;234;246m[38;2;238;234;246m▄[0m[48;2;7;7;7m[38;2;181;173;173m▄[0m[48;2;66;66;66m[38;2;66;66;66m▄[0m[48;2;227;93;91m[38;2;227;93;91m▄[0m[48;2;7;7;7m[38;2;7;7;7m▄[0m [38;2;7;7;7m▄[0m[38;2;7;7;7m▄[0m[38;2;7;7;7m▄[0m[48;2;7;7;7m[38;2;227;93;91m▄[0m[38;2;7;7;7m▄[0m[48;2;7;7;7m[38;2;238;234;246m▄[0m[48;2;238;234;246m[38;2;181;173;173m▄[0m[48;2;7;7;7m[38;2;7;7;7m▄[0m             
        [38;2;7;7;7m▀[0m[48;2;238;234;246m[38;2;7;7;7m▄[0m[48;2;66;66;66m[38;2;66;66;66m▄[0m[48;2;227;93;91m[38;2;66;66;66m▄[0m[48;2;227;93;91m[38;2;227;93;91m▄[0m[48;2;7;7;7m[38;2;66;66;66m▄[0m[48;2;238;234;246m[38;2;238;234;246m▄[0m[48;2;238;234;246m[38;2;66;66;66m▄[0m[48;2;66;66;66m[38;2;227;93;91m▄[0m[48;2;227;93;91m[38;2;227;93;91m▄[0m[48;2;66;66;66m[38;2;66;66;66m▄[0m[48;2;181;173;173m[38;2;7;7;7m▄[0m[38;2;7;7;7m▀[0m              
       [48;2;7;7;7m[38;2;7;7;7m▄[0m[48;2;7;7;7m[38;2;181;173;173m▄[0m[48;2;227;93;91m[38;2;66;66;66m▄[0m[48;2;227;93;91m[38;2;227;93;91m▄[0m[48;2;227;93;91m[38;2;66;66;66m▄[0m[48;2;66;66;66m[38;2;244;121;173m▄[0m[48;2;238;234;246m[38;2;66;66;66m▄[0m[48;2;66;66;66m[38;2;227;93;91m▄[0m[48;2;66;66;66m[38;2;227;93;91m▄[0m[48;2;66;66;66m[38;2;227;93;91m▄[0m[48;2;227;93;91m[38;2;66;66;66m▄[0m[48;2;66;66;66m[38;2;238;234;246m▄[0m[48;2;238;234;246m[38;2;238;234;246m▄[0m[48;2;7;7;7m[38;2;238;234;246m▄[0m[38;2;7;7;7m▄[0m[38;2;7;7;7m▄[0m      [38;2;7;7;7m▄[0m[38;2;7;7;7m▄[0m    
      [48;2;7;7;7m[38;2;7;7;7m▄[0m[48;2;181;173;173m[38;2;181;173;173m▄[0m[48;2;66;66;66m[38;2;66;66;66m▄[0m[48;2;66;66;66m[38;2;255;227;140m▄[0m[48;2;66;66;66m[38;2;66;66;66m▄[0m[48;2;244;121;173m[38;2;244;121;173m▄[0m[48;2;244;121;173m[38;2;170;46;71m▄[0m[48;2;170;46;71m[38;2;244;121;173m▄[0m[48;2;66;66;66m[38;2;244;121;173m▄[0m[48;2;227;93;91m[38;2;170;46;71m▄[0m[48;2;66;66;66m[38;2;170;46;71m▄[0m[48;2;238;234;246m[38;2;170;46;71m▄[0m[48;2;238;234;246m[38;2;238;234;246m▄[0m[48;2;238;234;246m[38;2;238;234;246m▄[0m[48;2;238;234;246m[38;2;66;66;66m▄[0m[48;2;66;66;66m[38;2;244;121;173m▄[0m[48;2;244;121;173m[38;2;211;79;122m▄[0m[48;2;7;7;7m[38;2;7;7;7m▄[0m  [38;2;7;7;7m▄[0m[48;2;7;7;7m[38;2;103;93;98m▄[0m[48;2;7;7;7m[38;2;200;99;115m▄[0m[48;2;200;99;115m[38;2;200;99;115m▄[0m[48;2;200;99;115m[38;2;200;99;115m▄[0m[48;2;7;7;7m[38;2;200;99;115m▄[0m[48;2;7;7;7m[38;2;200;99;115m▄[0m[38;2;7;7;7m▄[0m 
      [38;2;7;7;7m▀[0m[48;2;181;173;173m[38;2;7;7;7m▄[0m[48;2;66;66;66m[38;2;66;66;66m▄[0m[48;2;255;227;140m[38;2;255;227;140m▄[0m[48;2;66;66;66m[38;2;156;138;82m▄[0m[48;2;244;121;173m[38;2;66;66;66m▄[0m[48;2;170;46;71m[38;2;244;121;173m▄[0m[48;2;244;121;173m[38;2;66;66;66m▄[0m[48;2;7;7;7m[38;2;238;234;246m▄[0m[48;2;255;227;140m[38;2;156;138;82m▄[0m[48;2;255;227;140m[38;2;255;227;140m▄[0m[48;2;244;121;173m[38;2;170;46;71m▄[0m[48;2;238;234;246m[38;2;238;234;246m▄[0m[48;2;66;66;66m[38;2;66;66;66m▄[0m[48;2;244;121;173m[38;2;170;46;71m▄[0m[48;2;170;46;71m[38;2;170;46;71m▄[0m[48;2;211;79;122m[38;2;211;79;122m▄[0m[48;2;7;7;7m[38;2;7;7;7m▄[0m [48;2;7;7;7m[38;2;7;7;7m▄[0m[48;2;227;93;91m[38;2;158;48;58m▄[0m[48;2;227;93;91m[38;2;227;93;91m▄[0m[48;2;103;93;98m[38;2;103;93;98m▄[0m[48;2;200;99;115m[38;2;200;99;115m▄[0m[48;2;200;99;115m[38;2;103;93;98m▄[0m[48;2;200;99;115m[38;2;200;99;115m▄[0m[48;2;103;93;98m[38;2;103;93;98m▄[0m[48;2;227;93;91m[38;2;227;93;91m▄[0m[48;2;7;7;7m[38;2;7;7;7m▄[0m
       [48;2;7;7;7m[38;2;7;7;7m▄[0m[48;2;244;121;173m[38;2;244;121;173m▄[0m[48;2;66;66;66m[38;2;244;121;173m▄[0m[48;2;66;66;66m[38;2;66;66;66m▄[0m[48;2;244;121;173m[38;2;66;66;66m▄[0m[48;2;66;66;66m[38;2;244;121;173m▄[0m[48;2;255;227;140m[38;2;66;66;66m▄[0m[48;2;156;138;82m[38;2;66;66;66m▄[0m[48;2;255;227;140m[38;2;66;66;66m▄[0m[48;2;66;66;66m[38;2;244;121;173m▄[0m[48;2;66;66;66m[38;2;244;121;173m▄[0m[48;2;244;121;173m[38;2;244;121;173m▄[0m[48;2;238;234;246m[38;2;238;234;246m▄[0m[48;2;170;46;71m[38;2;211;79;122m▄[0m[48;2;211;79;122m[38;2;7;7;7m▄[0m[38;2;7;7;7m▀[0m [48;2;7;7;7m[38;2;7;7;7m▄[0m[48;2;227;93;91m[38;2;227;93;91m▄[0m[48;2;66;66;66m[38;2;66;66;66m▄[0m[48;2;103;93;98m[38;2;167;75;84m▄[0m[48;2;200;99;115m[38;2;167;75;84m▄[0m[48;2;103;93;98m[38;2;103;93;98m▄[0m[48;2;227;93;91m[38;2;227;93;91m▄[0m[48;2;103;93;98m[38;2;103;93;98m▄[0m[48;2;200;99;115m[38;2;167;75;84m▄[0m[48;2;103;93;98m[38;2;7;7;7m▄[0m[38;2;7;7;7m▀[0m
       [38;2;7;7;7m▄[0m[48;2;7;7;7m[38;2;181;173;173m▄[0m[48;2;238;234;246m[38;2;66;66;66m▄[0m[48;2;238;234;246m[38;2;66;66;66m▄[0m[48;2;238;234;246m[38;2;66;66;66m▄[0m[48;2;66;66;66m[38;2;238;234;246m▄[0m[48;2;244;121;173m[38;2;238;234;246m▄[0m[48;2;244;121;173m[38;2;238;234;246m▄[0m[48;2;244;121;173m[38;2;66;66;66m▄[0m[48;2;244;121;173m[38;2;244;121;173m▄[0m[48;2;244;121;173m[38;2;244;121;173m▄[0m[48;2;238;234;246m[38;2;211;79;122m▄[0m[48;2;211;79;122m[38;2;7;7;7m▄[0m[38;2;7;7;7m▀[0m [38;2;7;7;7m▄[0m[48;2;7;7;7m[38;2;7;7;7m▄[0m[48;2;103;93;98m[38;2;200;99;115m▄[0m[48;2;103;93;98m[38;2;200;99;115m▄[0m[48;2;200;99;115m[38;2;167;75;84m▄[0m[48;2;66;66;66m[38;2;7;7;7m▄[0m[38;2;7;7;7m▀[0m[48;2;158;48;58m[38;2;7;7;7m▄[0m[48;2;158;48;58m[38;2;7;7;7m▄[0m[38;2;7;7;7m▀[0m[38;2;7;7;7m▀[0m  
    [38;2;7;7;7m▄[0m[38;2;7;7;7m▄[0m[48;2;7;7;7m[38;2;158;48;58m▄[0m[48;2;66;66;66m[38;2;66;66;66m▄[0m[48;2;66;66;66m[38;2;158;48;58m▄[0m[48;2;66;66;66m[38;2;167;75;84m▄[0m[48;2;181;173;173m[38;2;66;66;66m▄[0m[48;2;238;234;246m[38;2;66;66;66m▄[0m[48;2;238;234;246m[38;2;66;66;66m▄[0m[48;2;66;66;66m[38;2;211;79;122m▄[0m[48;2;66;66;66m[38;2;211;79;122m▄[0m[48;2;211;79;122m[38;2;211;79;122m▄[0m[48;2;211;79;122m[38;2;66;66;66m▄[0m[48;2;211;79;122m[38;2;66;66;66m▄[0m[48;2;66;66;66m[38;2;66;66;66m▄[0m[48;2;66;66;66m[38;2;158;48;58m▄[0m[48;2;7;7;7m[38;2;66;66;66m▄[0m[48;2;7;7;7m[38;2;167;75;84m▄[0m[48;2;200;99;115m[38;2;66;66;66m▄[0m[48;2;66;66;66m[38;2;158;48;58m▄[0m[48;2;66;66;66m[38;2;158;48;58m▄[0m[48;2;167;75;84m[38;2;7;7;7m▄[0m[38;2;7;7;7m▀[0m        
   [48;2;7;7;7m[38;2;7;7;7m▄[0m[48;2;244;121;173m[38;2;244;121;173m▄[0m[48;2;66;66;66m[38;2;66;66;66m▄[0m[48;2;158;48;58m[38;2;167;75;84m▄[0m[48;2;167;75;84m[38;2;167;75;84m▄[0m[48;2;66;66;66m[38;2;200;99;115m▄[0m[48;2;167;75;84m[38;2;66;66;66m▄[0m[48;2;167;75;84m[38;2;66;66;66m▄[0m[48;2;158;48;58m[38;2;167;75;84m▄[0m[48;2;158;48;58m[38;2;158;48;58m▄[0m[48;2;66;66;66m[38;2;158;48;58m▄[0m[48;2;66;66;66m[38;2;167;75;84m▄[0m[48;2;66;66;66m[38;2;66;66;66m▄[0m[48;2;167;75;84m[38;2;66;66;66m▄[0m[48;2;66;66;66m[38;2;167;75;84m▄[0m[48;2;167;75;84m[38;2;167;75;84m▄[0m[48;2;158;48;58m[38;2;167;75;84m▄[0m[48;2;66;66;66m[38;2;66;66;66m▄[0m[48;2;66;66;66m[38;2;244;121;173m▄[0m[48;2;167;75;84m[38;2;7;7;7m▄[0m[38;2;7;7;7m▀[0m[38;2;7;7;7m▀[0m          
   [38;2;7;7;7m▀[0m[48;2;244;121;173m[38;2;7;7;7m▄[0m[48;2;244;121;173m[38;2;244;121;173m▄[0m[48;2;66;66;66m[38;2;158;48;58m▄[0m[48;2;167;75;84m[38;2;66;66;66m▄[0m[48;2;200;99;115m[38;2;103;93;98m▄[0m[48;2;103;93;98m[38;2;227;93;91m▄[0m[48;2;227;93;91m[38;2;227;93;91m▄[0m[48;2;66;66;66m[38;2;103;93;98m▄[0m[48;2;66;66;66m[38;2;200;99;115m▄[0m[48;2;66;66;66m[38;2;200;99;115m▄[0m[48;2;66;66;66m[38;2;103;93;98m▄[0m[48;2;103;93;98m[38;2;227;93;91m▄[0m[48;2;227;93;91m[38;2;227;93;91m▄[0m[48;2;167;75;84m[38;2;103;93;98m▄[0m[48;2;167;75;84m[38;2;66;66;66m▄[0m[48;2;66;66;66m[38;2;66;66;66m▄[0m[48;2;211;79;122m[38;2;244;121;173m▄[0m[48;2;244;121;173m[38;2;244;121;173m▄[0m[48;2;244;121;173m[38;2;227;93;91m▄[0m[48;2;7;7;7m[38;2;7;7;7m▄[0m           
    [38;2;7;7;7m▄[0m[48;2;7;7;7m[38;2;211;79;122m▄[0m[48;2;211;79;122m[38;2;211;79;122m▄[0m[48;2;211;79;122m[38;2;66;66;66m▄[0m[48;2;66;66;66m[38;2;66;66;66m▄[0m[48;2;66;66;66m[38;2;211;79;122m▄[0m[48;2;103;93;98m[38;2;66;66;66m▄[0m[48;2;200;99;115m[38;2;66;66;66m▄[0m[48;2;200;99;115m[38;2;66;66;66m▄[0m[48;2;200;99;115m[38;2;66;66;66m▄[0m[48;2;200;99;115m[38;2;66;66;66m▄[0m[48;2;103;93;98m[38;2;66;66;66m▄[0m[48;2;66;66;66m[38;2;211;79;122m▄[0m[48;2;66;66;66m[38;2;66;66;66m▄[0m[48;2;66;66;66m[38;2;211;79;122m▄[0m[48;2;244;121;173m[38;2;227;93;91m▄[0m[48;2;244;121;173m[38;2;244;121;173m▄[0m[48;2;244;121;173m[38;2;7;7;7m▄[0m[38;2;7;7;7m▀[0m            
  [38;2;7;7;7m▄[0m[38;2;7;7;7m▄[0m[48;2;7;7;7m[38;2;238;234;246m▄[0m[48;2;66;66;66m[38;2;181;173;173m▄[0m[48;2;66;66;66m[38;2;66;66;66m▄[0m[48;2;211;79;122m[38;2;66;66;66m▄[0m[48;2;211;79;122m[38;2;66;66;66m▄[0m[48;2;211;79;122m[38;2;211;79;122m▄[0m[48;2;211;79;122m[38;2;211;79;122m▄[0m[48;2;158;48;58m[38;2;211;79;122m▄[0m[48;2;211;79;122m[38;2;211;79;122m▄[0m[48;2;211;79;122m[38;2;211;79;122m▄[0m[48;2;211;79;122m[38;2;211;79;122m▄[0m[48;2;211;79;122m[38;2;158;48;58m▄[0m[48;2;211;79;122m[38;2;211;79;122m▄[0m[48;2;66;66;66m[38;2;211;79;122m▄[0m[48;2;211;79;122m[38;2;66;66;66m▄[0m[48;2;211;79;122m[38;2;66;66;66m▄[0m[48;2;211;79;122m[38;2;211;79;122m▄[0m[48;2;66;66;66m[38;2;211;79;122m▄[0m[48;2;7;7;7m[38;2;66;66;66m▄[0m[48;2;7;7;7m[38;2;181;173;173m▄[0m[38;2;7;7;7m▄[0m  [38;2;7;7;7m▄[0m       
[38;2;7;7;7m▄[0m[48;2;7;7;7m[38;2;181;173;173m▄[0m[48;2;181;173;173m[38;2;181;173;173m▄[0m[48;2;181;173;173m[38;2;238;234;246m▄[0m[48;2;238;234;246m[38;2;238;234;246m▄[0m[48;2;238;234;246m[38;2;238;234;246m▄[0m[48;2;66;66;66m[38;2;181;173;173m▄[0m[48;2;181;173;173m[38;2;238;234;246m▄[0m[48;2;238;234;246m[38;2;238;234;246m▄[0m[48;2;66;66;66m[38;2;238;234;246m▄[0m[48;2;66;66;66m[38;2;181;173;173m▄[0m[48;2;66;66;66m[38;2;181;173;173m▄[0m[48;2;66;66;66m[38;2;181;173;173m▄[0m[48;2;211;79;122m[38;2;66;66;66m▄[0m[48;2;211;79;122m[38;2;66;66;66m▄[0m[48;2;66;66;66m[38;2;181;173;173m▄[0m[48;2;66;66;66m[38;2;181;173;173m▄[0m[48;2;66;66;66m[38;2;66;66;66m▄[0m[48;2;181;173;173m[38;2;181;173;173m▄[0m[48;2;181;173;173m[38;2;181;173;173m▄[0m[48;2;66;66;66m[38;2;238;234;246m▄[0m[48;2;66;66;66m[38;2;238;234;246m▄[0m[48;2;238;234;246m[38;2;238;234;246m▄[0m[48;2;181;173;173m[38;2;238;234;246m▄[0m[48;2;181;173;173m[38;2;181;173;173m▄[0m[48;2;7;7;7m[38;2;181;173;173m▄[0m[48;2;7;7;7m[38;2;181;173;173m▄[0m[48;2;181;173;173m[38;2;7;7;7m▄[0m[38;2;7;7;7m▀[0m      
[38;2;7;7;7m▀[0m[48;2;181;173;173m[38;2;7;7;7m▄[0m[48;2;181;173;173m[38;2;181;173;173m▄[0m[48;2;238;234;246m[38;2;181;173;173m▄[0m[48;2;238;234;246m[38;2;238;234;246m▄[0m[48;2;238;234;246m[38;2;238;234;246m▄[0m[48;2;238;234;246m[38;2;238;234;246m▄[0m[48;2;238;234;246m[38;2;238;234;246m▄[0m[48;2;238;234;246m[38;2;238;234;246m▄[0m[48;2;238;234;246m[38;2;238;234;246m▄[0m[48;2;238;234;246m[38;2;238;234;246m▄[0m[48;2;181;173;173m[38;2;181;173;173m▄[0m[48;2;181;173;173m[38;2;181;173;173m▄[0m[48;2;181;173;173m[38;2;238;234;246m▄[0m[48;2;181;173;173m[38;2;238;234;246m▄[0m[48;2;181;173;173m[38;2;238;234;246m▄[0m[48;2;181;173;173m[38;2;238;234;246m▄[0m[48;2;238;234;246m[38;2;238;234;246m▄[0m[48;2;238;234;246m[38;2;238;234;246m▄[0m[48;2;238;234;246m[38;2;238;234;246m▄[0m[48;2;181;173;173m[38;2;238;234;246m▄[0m[48;2;238;234;246m[38;2;181;173;173m▄[0m[48;2;238;234;246m[38;2;238;234;246m▄[0m[48;2;238;234;246m[38;2;181;173;173m▄[0m[48;2;181;173;173m[38;2;181;173;173m▄[0m[48;2;66;66;66m[38;2;7;7;7m▄[0m[38;2;7;7;7m▀[0m        
 [38;2;7;7;7m▀[0m[48;2;181;173;173m[38;2;7;7;7m▄[0m[48;2;181;173;173m[38;2;181;173;173m▄[0m[48;2;181;173;173m[38;2;181;173;173m▄[0m[48;2;238;234;246m[38;2;181;173;173m▄[0m[48;2;238;234;246m[38;2;181;173;173m▄[0m[48;2;238;234;246m[38;2;238;234;246m▄[0m[48;2;238;234;246m[38;2;238;234;246m▄[0m[48;2;238;234;246m[38;2;238;234;246m▄[0m[48;2;238;234;246m[38;2;181;173;173m▄[0m[48;2;181;173;173m[38;2;181;173;173m▄[0m[48;2;181;173;173m[38;2;238;234;246m▄[0m[48;2;238;234;246m[38;2;238;234;246m▄[0m[48;2;238;234;246m[38;2;238;234;246m▄[0m[48;2;238;234;246m[38;2;238;234;246m▄[0m[48;2;238;234;246m[38;2;238;234;246m▄[0m[48;2;238;234;246m[38;2;238;234;246m▄[0m[48;2;238;234;246m[38;2;238;234;246m▄[0m[48;2;238;234;246m[38;2;238;234;246m▄[0m[48;2;238;234;246m[38;2;181;173;173m▄[0m[48;2;181;173;173m[38;2;181;173;173m▄[0m[48;2;181;173;173m[38;2;181;173;173m▄[0m[48;2;181;173;173m[38;2;7;7;7m▄[0m[38;2;7;7;7m▀[0m          
   [38;2;7;7;7m▀[0m[48;2;181;173;173m[38;2;7;7;7m▄[0m[48;2;181;173;173m[38;2;7;7;7m▄[0m[48;2;181;173;173m[38;2;181;173;173m▄[0m[48;2;181;173;173m[38;2;181;173;173m▄[0m[48;2;181;173;173m[38;2;7;7;7m▄[0m[48;2;181;173;173m[38;2;7;7;7m▄[0m[48;2;181;173;173m[38;2;7;7;7m▄[0m[48;2;181;173;173m[38;2;181;173;173m▄[0m[48;2;181;173;173m[38;2;181;173;173m▄[0m[48;2;181;173;173m[38;2;7;7;7m▄[0m[48;2;238;234;246m[38;2;7;7;7m▄[0m[48;2;238;234;246m[38;2;7;7;7m▄[0m[48;2;238;234;246m[38;2;181;173;173m▄[0m[48;2;181;173;173m[38;2;181;173;173m▄[0m[48;2;181;173;173m[38;2;181;173;173m▄[0m[48;2;181;173;173m[38;2;181;173;173m▄[0m[48;2;181;173;173m[38;2;7;7;7m▄[0m[38;2;7;7;7m▀[0m[38;2;7;7;7m▀[0m            
      [38;2;7;7;7m▀[0m[38;2;7;7;7m▀[0m   [38;2;7;7;7m▀[0m[38;2;7;7;7m▀[0m   [38;2;7;7;7m▀[0m[38;2;7;7;7m▀[0m[38;2;7;7;7m▀[0m[38;2;7;7;7m▀[0m               